misc/periodic_zg_ztf.ecsv
# %ECSV 1.0
# ---
# datatype:
# - {name: SourceID, datatype: int32}
# - {name: filter, datatype: string}
# - {name: OID, datatype: string}
# - {name: RA, datatype: float64}
# - {name: DEC, datatype: float64}
# - {name: numobs, datatype: int32}
# - {name: DELTA_SIG_MAG, datatype: float64}
# - {name: CONST_CHI2, datatype: float64}
# - {name: LNP_SIG, datatype: float64}
# - {name: period, datatype: float64}
# - {name: period_c, datatype: float64}
# - {name: power, datatype: float64}
# - {name: power_c, datatype: float64}
# - {name: upsilon_class, datatype: string}
# - {name: upsilon_prob, datatype: float64}
# - {name: upsilon_flag, datatype: float64}
# - {name: upsilon_period, datatype: float64}
# schema: astropy-2.0
SourceID filter OID RA DEC numobs DELTA_SIG_MAG CONST_CHI2 LNP_SIG period period_c power power_c upsilon_class upsilon_prob upsilon_flag upsilon_period
37 zg 806103100045173 5.062303 59.3006865 11 37.23831558227539 21.40075559184603 3.7915939787030686e-05 0.3049926600647964 0.2170993399052824 0.9743097939549314 0.5656616281069251 NonVar 0.46 1.0 0.17730488411389636
73 zg 806103100048650 5.0758587 59.2958026 107 61.03787612915039 8.611596891434157 5.149112547141044e-08 1.0322811463793122 0.997252398497751 0.3687014577186329 0.18641724396241813 DSCT 0.52 1.0 0.04003408271746405
77 zg 806103100029923 5.0869784 59.2997881 300 76.59940338134766 13.899411195034224 3.935053186145385e-18 26.57041565577648 0.9999541023165953 0.26585919862985835 0.005396462014518057 CEPH_Other 0.5 0.0 26.64318238750002
113 zg 806103100036178 5.0541003 59.3094205 34 24.699575424194336 4.345429517934142 0.0001713371184101865 382.1324629256383 0.9972766863342903 0.5966187326169462 0.5792668530653845 DSCT 0.46 1.0 0.07010285598319828
301 zg 806103100049413 5.0938281 59.2896762 139 47.238155364990234 4.61485567008685 5.104723637952057e-07 189.98460693916914 0.9999541023165953 0.2677358894538048 0.05615228461796452 NonVar 0.49 1.0 0.035556507421549206
708 zg 806103100019798 5.0164147 59.3116832 173 47.41876220703125 4.11152705438243 1.5310268344196832e-06 29.650582544156908 0.9973028034377411 0.21107913084621469 0.1630050333695521 CEPH_Other 0.72 1.0 0.9647016001508681
764 zg 806103100048933 5.013216 59.2967636 36 35.46784591674805 7.680776798838688 6.2496771043374685e-06 359.1820325198043 0.9999832252180907 0.6608954609500087 0.6374630851039546 DSCT 0.46 1.0 0.03110961350709333
766 zg 806103100045165 5.1327038 59.3040168 23 26.643123626708984 7.79069467208394 1.412039628500825e-05 1.0352189717826061 0.9972632816665196 0.8063613176305059 0.40791766187815587 CEPH_Other 0.44 1.0 1.0350958523889302
771 zg 806103100019171 5.0557182 59.3339368 96 39.0861701965332 6.5486686688774824 3.4876417831128183e-10 29.415854115858885 0.9972687872143909 0.46329171516685574 0.3547270399711615 CEPH_Other 0.49 1.0 1.0350442517307674
1007 zg 806103100045100 5.0088553 59.3217155 10 39.26608657836914 37.72243720071838 2.3529316409255446e-05 21.989432046332194 0.9973296222383953 0.9846062060693772 0.41291435360877315 DSCT 0.5 1.0 0.04470060166272526
1231 zg 806103100042740 4.9928569 59.2939704 76 33.42439651489258 4.489009716196363 6.211519302918861e-07 1.0351387146190403 0.9972942978961291 0.4255586286370661 0.3791683186438599 DSCT 0.52 1.0 0.04762548967136744
1385 zg 806103100035942 5.1262234 59.3395818 52 30.337846755981445 5.839928168442928 0.0001866014056544345 1.032100202295548 0.9972665929368856 0.43666457225841315 0.4209078366248828 DSCT 0.43 1.0 0.09541193690503393
1627 zg 806103400029845 5.121104 59.260408 194 441.62493896484375 6.2825626832324915 1.533731117194905e-05 343.761181195781 0.9999661926656115 0.15261261937087658 0.13993323708606875 LPV_OSARG_RGB 0.29 1.0 321.9757407249999
1642 zg 806103400000039 5.125632 59.2614822 188 451.17413330078125 4.708027911761341 2.252740205168178e-16 343.761181195781 0.9999661926656115 0.330891233881299 0.13121600480673593 LPV_OSARG_RGB 0.33 0.0 321.9757407249999
1744 zg 806103400020600 5.1440845 59.2659575 165 415.6280517578125 4.511531823682967 3.7743597954540246e-08 505.75317706912205 0.9999661926656115 0.2260202553142932 0.04048294832632132 LPV_OSARG_AGB 0.33 0.0 482.9636110874998
2008 zg 806103400000320 5.1108963 59.248881 304 271.6317138671875 4.381473395038826 1.4796152107885962e-10 21.524755960531934 0.9973284181763296 0.16439147210966157 0.03134069610685751 EB_ESD 0.36 0.0 21.462256559668482
2545 zg 806103400000401 5.1500662 59.2462315 81 32.78321075439453 3.890129864917863 2.3846661896402085e-07 1.0351387146190403 0.9972942978961291 0.41399127902039573 0.2739000112754315 RRL_ab 0.87 1.0 0.5079209532053894
