t_color_0912.ecsv
# %ECSV 1.0
# ---
# datatype:
# - {name: SourceID, datatype: int32}
# - {name: mean_color, datatype: float64}
# - {name: std_color, datatype: float64}
# - {name: max_color, datatype: float64}
# - {name: min_color, datatype: float64}
# - {name: mean_mag_r, datatype: float64}
# - {name: std_mag_r, datatype: float64}
# - {name: max_mag_r, datatype: float64}
# - {name: min_mag_r, datatype: float64}
# - {name: mean_mag_g, datatype: float64}
# - {name: std_mag_g, datatype: float64}
# - {name: max_mag_g, datatype: float64}
# - {name: min_mag_g, datatype: float64}
# schema: astropy-2.0
SourceID mean_color std_color max_color min_color mean_mag_r std_mag_r max_mag_r min_mag_r mean_mag_g std_mag_g max_mag_g min_mag_g
[from data line 1135]
1638 0.9134149605271507 0.03884948091662302 1.0456390380859375 0.8022365570068359 17.28407859802246 0.018675845116376877 17.344566345214844 17.227893829345703 18.201431274414062 0.03536144271492958 18.334671020507812 18.078842163085938
1639 1.1539901021564976 0.10848563574427829 1.4778804779052734 0.8255805969238281 18.715463638305664 0.046689555048942566 18.89371109008789 18.539203643798828 19.869558334350586 0.10207881778478622 20.26485824584961 19.526700973510742
1640 nan nan nan nan nan nan nan nan nan nan nan nan
1641 nan nan nan nan 20.003345489501953 0.12398577481508255 20.312623977661133 19.746034622192383 21.259679794311523 0.25172021985054016 21.730634689331055 20.924583435058594
1642 1.2746296130435568 0.028856604997819682 1.3418426513671875 1.1856212615966797 13.373697280883789 0.015153578482568264 13.433606147766113 13.315940856933594 14.649717330932617 0.03029390051960945 14.71679973602295 14.5626220703125
1643 nan nan nan nan 17.106203079223633 0.018245743587613106 17.171520233154297 17.05539894104004 18.053354263305664 0.03483769670128822 18.139610290527344 17.9090576171875
1644 nan nan nan nan nan nan nan nan nan nan nan nan
1646 1.1317403218517565 0.1934142206051902 1.4884223937988281 0.2774085998535156 19.627399444580078 0.09087060391902924 20.03759002685547 19.318727493286133 20.753578186035156 0.17906762659549713 21.083635330200195 20.027095794677734
1647 1.316150366435952 0.10063714328840256 1.5746116638183594 1.0061531066894531 18.474246978759766 0.03673887625336647 18.594438552856445 18.34483528137207 19.787548065185547 0.09720644354820251 20.085956573486328 19.48233413696289
1648 1.0828270942934097 0.10701051992420374 1.390665054321289 0.7274627685546875 18.705039978027344 0.053149957209825516 18.880115509033203 18.497116088867188 19.795637130737305 0.11319021880626678 20.136545181274414 19.447004318237305
1650 1.67473996949086 0.03439976748005404 1.7609481811523438 1.5730400085449219 15.106145858764648 0.016280611976981163 15.159772872924805 15.056867599487305 16.780710220336914 0.030649714171886444 16.859376907348633 16.67215919494629
1651 nan nan nan nan nan nan nan nan nan nan nan nan
1652 nan nan nan nan nan nan nan nan nan nan nan nan
1653 0.6491974862683721 0.02119309227751862 0.7144498825073242 0.5937976837158203 15.416513442993164 0.014517484232783318 15.499130249023438 15.361357688903809 16.065250396728516 0.016383200883865356 16.110992431640625 16.011062622070312
1655 nan nan nan nan nan nan nan nan nan nan nan nan
1657 nan nan nan nan 21.03063201904297 0.21244004368782043 21.62999725341797 20.230892181396484 21.692413330078125 0.37489402294158936 22.312389373779297 20.90081024169922
1658 nan nan nan nan nan nan nan nan nan nan nan nan
1659 nan nan nan nan nan nan nan nan nan nan nan nan
1660 1.5693853366299995 0.09998904090828964 1.8489303588867188 1.2394390106201172 18.056316375732422 0.031159108504652977 18.166019439697266 17.94912338256836 19.62997055053711 0.10326409339904785 19.94008445739746 19.271982192993164
1661 nan nan nan nan nan nan nan nan nan nan nan nan
1662 1.337638713695385 0.23594946693762875 1.9486732482910156 0.7918548583984375 20.194063186645508 0.14332793653011322 20.652761459350586 19.649200439453125 21.517850875854492 0.22860586643218994 22.08543586730957 20.89991569519043
1663 1.111493541348365 0.2274345625118151 1.687774658203125 0.5077743530273438 20.299280166625977 0.15222397446632385 20.728958129882812 19.7479190826416 21.39932632446289 0.23449485003948212 22.004024505615234 20.673994064331055
1664 nan nan nan nan nan nan nan nan nan nan nan nan
1665 1.460315828545149 0.04084015358999047 1.59869384765625 1.3230609893798828 16.477785110473633 0.016753513365983963 16.53598976135254 16.411041259765625 17.936738967895508 0.03588331863284111 18.04924774169922 17.81142807006836
1666 nan nan nan nan nan nan nan nan nan nan nan nan
1667 nan nan nan nan nan nan nan nan nan nan nan nan
1668 nan nan nan nan nan nan nan nan nan nan nan nan
1672 nan nan nan nan 19.434722900390625 0.07092137634754181 19.640743255615234 19.255205154418945 20.49368667602539 0.15120826661586761 20.84250259399414 19.942583084106445
1675 nan nan nan nan nan nan nan nan nan nan nan nan
1676 nan nan nan nan nan nan nan nan nan nan nan nan
1679 nan nan nan nan 16.138357162475586 0.013514653779566288 16.185142517089844 16.111331939697266 16.93430519104004 0.01533069834113121 16.96938133239746 16.90276336669922
1681 0.758207652359328 0.020734305360357107 0.8134126663208008 0.6861515045166016 14.687934875488281 0.013351859524846077 14.737988471984863 14.62911605834961 15.44473648071289 0.01674743741750717 15.493410110473633 15.377952575683594
1684 1.1249988343980577 0.3757364874629412 1.671895980834961 0.27527427673339844 20.355392456054688 0.1597965955734253 20.633817672729492 19.78281021118164 21.499061584472656 0.27972614765167236 21.982343673706055 20.819984436035156
1685 nan nan nan nan nan nan nan nan nan nan nan nan
1686 1.3891171308664174 0.2821070999970527 1.9865455627441406 0.5263118743896484 20.011592864990234 0.1328386515378952 20.46065902709961 19.53380012512207 21.38728904724121 0.27890482544898987 21.966169357299805 20.14910125732422
1687 1.1119225933438255 0.06558166503237127 1.3875961303710938 0.8248023986816406 17.553422927856445 0.028465544804930687 17.616596221923828 17.404525756835938 18.6667537689209 0.05666942149400711 18.84229278564453 18.3673095703125
1689 nan nan nan nan 21.05382537841797 0.25373390316963196 21.58719825744629 20.3606014251709 21.69141387939453 0.17818838357925415 21.972412109375 21.37964630126953
1690 1.1000090190342495 0.19877392103483452 1.513946533203125 0.48432350158691406 19.6373291015625 0.08744275569915771 20.00698471069336 19.374757766723633 20.730083465576172 0.19016563892364502 21.186861038208008 20.191301345825195
1691 nan nan nan nan nan nan nan nan nan nan nan nan
1693 1.288563915661403 0.09340988977728197 1.5623016357421875 0.8666286468505859 18.19857406616211 0.03375638648867607 18.286434173583984 18.01836395263672 19.489547729492188 0.09338197112083435 19.839523315429688 19.018184661865234
1694 nan nan nan nan nan nan nan nan nan nan nan nan
1695 nan nan nan nan nan nan nan nan nan nan nan nan
1696 1.280590360126798 0.13281608990299032 1.7780647277832031 0.9184703826904297 19.001338958740234 0.05873753875494003 19.248579025268555 18.82227897644043 20.277050018310547 0.1262219250202179 20.799659729003906 19.86458396911621
1697 1.2537908254717498 0.10160173926515734 1.71697998046875 0.9230308532714844 18.475475311279297 0.04356113821268082 18.82598304748535 18.339656829833984 19.72584342956543 0.096821628510952 20.056636810302734 19.41434097290039
1698 1.4838922244160115 0.05269347097187476 1.625600814819336 1.3392753601074219 17.247669219970703 0.02237263135612011 17.31690216064453 17.164981842041016 18.731781005859375 0.051078684628009796 18.87499237060547 18.555561065673828
1699 nan nan nan nan nan nan nan nan nan nan nan nan
1701 nan nan nan nan 20.3709774017334 0.3077869713306427 21.302040100097656 19.595094680786133 21.295799255371094 0.36923202872276306 21.737321853637695 20.553733825683594
1703 1.4677081610027112 0.08445561621683155 1.7138786315917969 0.9928684234619141 17.808704376220703 0.026591002941131592 17.96863555908203 17.694992065429688 19.272676467895508 0.07744558155536652 19.516841888427734 18.908729553222656
1704 nan nan nan nan 14.990272521972656 0.013082277029752731 15.023738861083984 14.944503784179688 15.850784301757812 0.014911380596458912 15.891012191772461 15.814114570617676
1706 0.8154553183673943 0.09850589154416883 1.2356624603271484 0.3820228576660156 17.650800704956055 0.08870050311088562 18.03772735595703 17.491008758544922 18.466846466064453 0.1094631478190422 18.957456588745117 18.303394317626953
1707 nan nan nan nan nan nan nan nan nan nan nan nan
1708 nan nan nan nan nan nan nan nan nan nan nan nan
1709 0.9008475071241876 0.04444898052312721 1.046762466430664 0.7013874053955078 17.225664138793945 0.019009120762348175 17.30990982055664 17.129688262939453 18.12540626525879 0.03931168466806412 18.328418731689453 17.952404022216797
1710 nan nan nan nan nan nan nan nan nan nan nan nan
1711 0.9773211439116662 0.0452223809284834 1.1625328063964844 0.7771892547607422 17.41084098815918 0.02106562815606594 17.49127769470215 17.335033416748047 18.386533737182617 0.04101309925317764 18.568532943725586 18.224489212036133
1713 nan nan nan nan nan nan nan nan nan nan nan nan
1714 1.4566643551142529 0.13062477282616147 1.786581039428711 0.7202434539794922 18.589977264404297 0.041509561240673065 18.75531768798828 18.384471893310547 20.045013427734375 0.12325841933488846 20.37617301940918 19.41080665588379
1715 nan nan nan nan 18.916107177734375 0.05431554466485977 19.08563995361328 18.814682006835938 19.97862434387207 0.1649734228849411 20.517101287841797 19.65854263305664
1716 0.8869638442993164 0.20983361287513053 1.200937271118164 0.22840118408203125 20.534151077270508 0.16411197185516357 21.004409790039062 19.860877990722656 21.474136352539062 0.21866832673549652 21.86929702758789 20.722110748291016
1717 0.9730597377372777 0.030977498135040096 1.0781021118164062 0.8894290924072266 16.623210906982422 0.01966742053627968 16.676025390625 16.501373291015625 17.59602165222168 0.02838708832859993 17.677244186401367 17.502918243408203
1718 nan nan nan nan nan nan nan nan nan nan nan nan
1719 0.7950879889474788 0.024976221024765738 0.8624124526977539 0.7221240997314453 15.080170631408691 0.015350902453064919 15.145965576171875 14.999861717224121 15.874091148376465 0.022098230198025703 15.926596641540527 15.812774658203125
1720 1.430208396911621 0.19006567635632513 1.7161140441894531 1.0693359375 20.356185913085938 0.1607084423303604 20.80366325378418 19.62076187133789 21.6401424407959 0.4393683075904846 22.042186737060547 20.274805068969727
1721 0.5066207116391478 0.022370113768268227 0.5570106506347656 0.4371662139892578 16.365966796875 0.014181175269186497 16.434051513671875 16.298357009887695 16.872547149658203 0.016830522567033768 16.92278480529785 16.795841217041016
1724 nan nan nan nan 21.32606315612793 0.2746325433254242 21.83511734008789 20.611892700195312 21.54645538330078 0.31759414076805115 22.17811393737793 20.803205490112305
1725 nan nan nan nan nan nan nan nan nan nan nan nan
1727 1.1626745787533848 0.20892270164201013 1.7002315521240234 0.4319934844970703 20.036996841430664 0.12284719198942184 20.449169158935547 19.50240707397461 21.17661476135254 0.21439403295516968 21.68947410583496 20.466995239257812
1728 nan nan nan nan 19.55284309387207 0.10449676960706711 19.941680908203125 19.29945182800293 20.77756118774414 0.19165843725204468 21.151798248291016 20.479835510253906
1729 nan nan nan nan nan nan nan nan nan nan nan nan
1730 nan nan nan nan nan nan nan nan nan nan nan nan
1731 0.948238213857015 0.2458493890426107 1.467315673828125 0.4266204833984375 20.583049774169922 0.16875217854976654 21.094316482543945 20.122432708740234 21.557802200317383 0.24754327535629272 21.998912811279297 21.040878295898438
1732 nan nan nan nan nan nan nan nan nan nan nan nan
1735 nan nan nan nan 20.2806453704834 0.16499163210391998 20.823089599609375 19.72342300415039 21.30584716796875 0.2280125468969345 21.880199432373047 20.851781845092773
1740 1.2179054358066657 0.368227660067492 1.7879562377929688 0.24416160583496094 20.184097290039062 0.1382206529378891 20.559131622314453 19.714710235595703 21.393939971923828 0.31599998474121094 21.954479217529297 20.633499145507812
1741 1.7341714922285758 0.1353968749187944 2.179502487182617 1.0477447509765625 18.31279754638672 0.03612445294857025 18.544038772583008 18.17595100402832 20.035320281982422 0.13658319413661957 20.520015716552734 19.409488677978516
1742 1.378161883354187 0.3489591595306736 1.9429969787597656 -0.26885223388671875 19.831071853637695 0.10571683198213577 20.246143341064453 19.405582427978516 21.214624404907227 0.2907710373401642 21.729793548583984 19.77669334411621
1744 1.078106977045536 0.026545849362025333 1.157674789428711 1.003575325012207 15.818522453308105 0.032129134982824326 15.913744926452637 15.724796295166016 16.888931274414062 0.037068240344524384 16.98758316040039 16.80135726928711
1747 nan nan nan nan nan nan nan nan nan nan nan nan
1749 nan nan nan nan nan nan nan nan nan nan nan nan
1750 nan nan nan nan nan nan nan nan nan nan nan nan
1751 nan nan nan nan nan nan nan nan nan nan nan nan
1753 0.9044576661776652 0.02734931487542483 1.0321025848388672 0.8038253784179688 16.32085418701172 0.01418396644294262 16.36199188232422 16.246431350708008 17.224071502685547 0.021953752264380455 17.29389190673828 17.140716552734375
1755 1.1821163296699524 0.30483568568447134 1.5694465637207031 0.14287376403808594 20.269601821899414 0.1416902393102646 20.718608856201172 19.833049774169922 21.46444320678711 0.2909201681613922 21.838842391967773 20.427371978759766
1757 1.1291837056477865 0.36384577170260274 1.8023605346679688 0.14864540100097656 20.361244201660156 0.13141053915023804 20.81180191040039 19.86858367919922 21.45950698852539 0.3437550365924835 21.980670928955078 20.383270263671875
1760 0.8276506621262123 0.19912150216416308 1.1781063079833984 0.5011386871337891 20.574237823486328 0.16284365952014923 20.912235260009766 20.001556396484375 21.498321533203125 0.2003018856048584 21.822235107421875 21.033519744873047
1761 1.2848427220394736 0.14078486481298488 1.628103256225586 0.6792316436767578 18.86726188659668 0.05252784118056297 19.13408660888672 18.664243698120117 20.159875869750977 0.14106617867946625 20.661178588867188 19.549936294555664
1762 1.2823540823800224 0.2375831979047814 1.6430034637451172 0.8445358276367188 20.20090675354004 0.1390731930732727 20.66720199584961 19.7015380859375 21.422361373901367 0.23511864244937897 21.7696475982666 20.988269805908203
1770 1.2339701652526855 0.27440397147648493 1.6620121002197266 0.7700729370117188 20.370487213134766 0.154917910695076 20.816699981689453 19.68400001525879 21.446781158447266 0.3845328688621521 21.94516944885254 20.18758201599121
1771 0.9371944069862366 0.2842104359131203 1.5090045928955078 0.25930023193359375 20.351049423217773 0.1378784030675888 20.818952560424805 19.851560592651367 21.33116340637207 0.2529141306877136 21.812602996826172 20.734066009521484
1773 nan nan nan nan nan nan nan nan nan nan nan nan
1774 nan nan nan nan nan nan nan nan nan nan nan nan
1777 1.074542678132349 0.1249541984249657 1.4383316040039062 0.6514682769775391 18.985122680664062 0.060949839651584625 19.25104522705078 18.76886558532715 20.04988670349121 0.12976618111133575 20.405609130859375 19.508710861206055
1778 nan nan nan nan nan nan nan nan nan nan nan nan
1779 1.649247192754978 0.16749982125148896 2.0580806732177734 1.223052978515625 19.180952072143555 0.07265732437372208 19.480756759643555 18.912879943847656 20.813955307006836 0.16686181724071503 21.30443000793457 20.26171875
1780 1.4090381145477295 0.20740467595490308 1.8495616912841797 1.0492744445800781 19.8398494720459 0.11385806649923325 20.29384994506836 19.389225006103516 21.234567642211914 0.20473061501979828 21.650976181030273 20.554508209228516
1782 1.6034824664776142 0.09279984375950241 1.9488372802734375 1.2368011474609375 17.961597442626953 0.039471011608839035 18.080345153808594 17.633281707763672 19.56880760192871 0.09905825555324554 19.990427017211914 19.141822814941406
1783 nan nan nan nan nan nan nan nan nan nan nan nan
1785 0.7265278285517354 0.021662972367232646 0.7852153778076172 0.6620607376098633 15.451115608215332 0.013244859874248505 15.489677429199219 15.392792701721191 16.177345275878906 0.016968131065368652 16.220294952392578 16.119583129882812
