t_color_0912.ecsv
# %ECSV 1.0
# ---
# datatype:
# - {name: SourceID, datatype: int32}
# - {name: mean_color, datatype: float64}
# - {name: std_color, datatype: float64}
# - {name: max_color, datatype: float64}
# - {name: min_color, datatype: float64}
# - {name: mean_mag_r, datatype: float64}
# - {name: std_mag_r, datatype: float64}
# - {name: max_mag_r, datatype: float64}
# - {name: min_mag_r, datatype: float64}
# - {name: mean_mag_g, datatype: float64}
# - {name: std_mag_g, datatype: float64}
# - {name: max_mag_g, datatype: float64}
# - {name: min_mag_g, datatype: float64}
# schema: astropy-2.0
SourceID mean_color std_color max_color min_color mean_mag_r std_mag_r max_mag_r min_mag_r mean_mag_g std_mag_g max_mag_g min_mag_g
[from data line 325]
412 nan nan nan nan nan nan nan nan nan nan nan nan
413 nan nan nan nan 20.114364624023438 0.19733333587646484 20.45391273498535 19.660316467285156 20.48644256591797 0.2800135910511017 21.00295639038086 19.831655502319336
414 nan nan nan nan nan nan nan nan nan nan nan nan
416 nan nan nan nan 20.163175582885742 0.2085275799036026 20.509090423583984 19.311893463134766 20.89940643310547 0.2554838955402374 21.321773529052734 20.406259536743164
418 1.2750707973133435 0.21506437204965861 1.7263202667236328 0.884613037109375 20.26712989807129 0.24253638088703156 20.958145141601562 19.46902847290039 21.408519744873047 0.282146155834198 21.94340705871582 20.509933471679688
419 nan nan nan nan nan nan nan nan nan nan nan nan
420 nan nan nan nan nan nan nan nan nan nan nan nan
421 nan nan nan nan nan nan nan nan nan nan nan nan
423 1.4661251806443738 0.18731524653322523 1.8990592956542969 0.7399921417236328 19.30988311767578 0.08322390913963318 19.689414978027344 19.021202087402344 20.784595489501953 0.18507060408592224 21.24664878845215 20.10396385192871
424 0.35838948763333833 0.278622913723217 0.8805732727050781 -0.38210296630859375 20.902292251586914 0.216109037399292 21.338058471679688 19.947025299072266 21.29071807861328 0.20773252844810486 21.778133392333984 20.703296661376953
425 nan nan nan nan nan nan nan nan nan nan nan nan
426 nan nan nan nan nan nan nan nan nan nan nan nan
428 0.2162062680279767 0.2574112764237413 0.8188762664794922 -0.30815887451171875 20.79461097717285 0.23185567557811737 21.61870002746582 20.068593978881836 21.039682388305664 0.1970997154712677 21.518997192382812 20.37657928466797
429 nan nan nan nan nan nan nan nan nan nan nan nan
430 nan nan nan nan nan nan nan nan nan nan nan nan
431 nan nan nan nan nan nan nan nan nan nan nan nan
433 nan nan nan nan nan nan nan nan nan nan nan nan
434 0.8183123759734325 0.02836226862529292 0.8850898742675781 0.7165336608886719 16.647647857666016 0.01646931655704975 16.71132469177246 16.570987701416016 17.466054916381836 0.02352435700595379 17.529882431030273 17.386520385742188
435 nan nan nan nan nan nan nan nan nan nan nan nan
437 0.7862316131591797 0.023949220490251992 0.8521318435668945 0.7041988372802734 15.838639259338379 0.01446557603776455 15.911761283874512 15.76444149017334 16.624670028686523 0.018580658361315727 16.671329498291016 16.56492805480957
438 1.0282133521103278 0.10402484981241884 1.2870960235595703 0.6870803833007812 18.87397575378418 0.05097028985619545 19.037532806396484 18.660781860351562 19.90658950805664 0.11221100389957428 20.28605079650879 19.44700813293457
439 nan nan nan nan nan nan nan nan nan nan nan nan
440 0.8978800928869913 0.046434260264365375 1.0172386169433594 0.5993747711181641 17.22536849975586 0.020081719383597374 17.29962158203125 17.13282012939453 18.12183952331543 0.03991660848259926 18.24603271484375 17.851409912109375
442 nan nan nan nan nan nan nan nan nan nan nan nan
443 1.4895788304946003 0.27677218723214253 2.009279251098633 0.4928855895996094 19.699129104614258 0.10129835456609726 20.088769912719727 19.336618423461914 21.151514053344727 0.26791107654571533 21.6740779876709 20.161453247070312
444 1.3007657551529384 0.086031758760976 1.4684505462646484 0.7692794799804688 17.918556213378906 0.03956722468137741 18.025718688964844 17.781639099121094 19.219970703125 0.07225893437862396 19.402494430541992 18.734689712524414
446 0.9871012044507403 0.02387854554893661 1.0552806854248047 0.9057750701904297 14.241165161132812 0.014686904847621918 14.30213451385498 14.173614501953125 15.2275390625 0.020048461854457855 15.28095531463623 15.156825065612793
447 nan nan nan nan 19.8021240234375 0.1946876496076584 20.255985260009766 19.191696166992188 20.82310676574707 0.267120897769928 21.23935317993164 20.301280975341797
448 nan nan nan nan 20.312694549560547 0.13637426495552063 20.651241302490234 20.073978424072266 21.48780059814453 0.19761641323566437 21.852535247802734 20.78356170654297
449 nan nan nan nan nan nan nan nan nan nan nan nan
450 0.7938380214755095 0.2084549028516819 1.3792171478271484 0.10630226135253906 19.327335357666016 0.19636449217796326 20.009807586669922 18.591175079345703 20.116796493530273 0.16555100679397583 20.59635353088379 19.629505157470703
451 0.37187458918644833 0.2196154809318587 0.7449512481689453 0.026113510131835938 20.958024978637695 0.25176483392715454 21.507492065429688 20.275928497314453 21.269474029541016 0.2607358694076538 21.72442054748535 20.5783748626709
453 nan nan nan nan 15.07607364654541 0.014296201057732105 15.12856388092041 15.03892993927002 15.942488670349121 0.015514470636844635 15.981203079223633 15.90791130065918
457 nan nan nan nan nan nan nan nan nan nan nan nan
458 nan nan nan nan 20.18878936767578 0.1613723486661911 20.688249588012695 19.744413375854492 20.85576629638672 0.1925504207611084 21.187103271484375 20.39110565185547
459 nan nan nan nan nan nan nan nan nan nan nan nan
461 nan nan nan nan nan nan nan nan nan nan nan nan
464 nan nan nan nan nan nan nan nan nan nan nan nan
465 nan nan nan nan nan nan nan nan nan nan nan nan
466 nan nan nan nan 21.13522720336914 0.2497205287218094 21.655925750732422 20.285757064819336 21.54813575744629 0.2811180055141449 21.89160919189453 20.985023498535156
467 1.0416995216818417 0.23098866782137795 1.5383110046386719 0.5707435607910156 20.302642822265625 0.1562797725200653 20.719860076904297 19.751220703125 21.347549438476562 0.26534712314605713 21.867265701293945 20.627384185791016
468 0.8545930834784023 0.22548657957384097 1.3487567901611328 0.14578819274902344 20.07636260986328 0.15726308524608612 20.52316665649414 19.401548385620117 20.980676651000977 0.2015051692724228 21.433626174926758 20.24030876159668
469 nan nan nan nan 19.717571258544922 0.14039471745491028 20.05483627319336 19.172725677490234 20.6524600982666 0.13109810650348663 20.89456558227539 20.344810485839844
470 nan nan nan nan nan nan nan nan nan nan nan nan
471 nan nan nan nan nan nan nan nan nan nan nan nan
472 nan nan nan nan nan nan nan nan nan nan nan nan
473 0.5191285875108507 0.22973875235790367 0.9934368133544922 0.03709220886230469 20.238842010498047 0.21320466697216034 20.926374435424805 19.631996154785156 20.75865936279297 0.1990099847316742 21.264333724975586 20.122879028320312
475 nan nan nan nan nan nan nan nan nan nan nan nan
479 nan nan nan nan nan nan nan nan nan nan nan nan
480 nan nan nan nan nan nan nan nan nan nan nan nan
482 1.0947422981262207 0.32539188250301754 1.6252479553222656 0.031091690063476562 20.299577713012695 0.15427035093307495 20.856185913085938 19.749284744262695 21.436386108398438 0.2953951358795166 21.941974639892578 20.31045150756836
483 nan nan nan nan nan nan nan nan nan nan nan nan
485 nan nan nan nan nan nan nan nan nan nan nan nan
487 1.1046144615099267 0.17236580584553393 1.6613616943359375 0.7101802825927734 19.407264709472656 0.1275920420885086 19.71179962158203 18.74134635925293 20.504411697387695 0.17227813601493835 21.087505340576172 19.915691375732422
488 nan nan nan nan nan nan nan nan nan nan nan nan
489 0.9086693839792825 0.15122080412162026 1.2817401885986328 0.36617088317871094 19.579456329345703 0.09522484242916107 20.01466941833496 19.243196487426758 20.484046936035156 0.15876494348049164 21.12659454345703 19.920072555541992
490 nan nan nan nan nan nan nan nan nan nan nan nan
491 nan nan nan nan 20.656085968017578 0.1628410816192627 20.970474243164062 20.2381591796875 21.54129981994629 0.27920424938201904 22.025911331176758 21.125391006469727
492 0.6917805276858578 0.17722953619878293 1.138650894165039 0.09644317626953125 19.65494728088379 0.12177672982215881 20.060819625854492 18.786863327026367 20.3533878326416 0.1481771171092987 20.73064422607422 19.871387481689453
498 0.7884095348889315 0.03257206711457656 0.898223876953125 0.6658382415771484 16.751995086669922 0.016585400328040123 16.823562622070312 16.648162841796875 17.539997100830078 0.02540433406829834 17.604278564453125 17.437158584594727
499 nan nan nan nan nan nan nan nan nan nan nan nan
501 nan nan nan nan 20.220857620239258 0.1287851482629776 20.52122688293457 19.981321334838867 20.792560577392578 0.1918770968914032 21.376127243041992 20.367795944213867
503 nan nan nan nan nan nan nan nan nan nan nan nan
504 nan nan nan nan nan nan nan nan nan nan nan nan
505 0.4162724358694894 0.2579887646120652 0.833038330078125 -0.021299362182617188 20.892436981201172 0.20349153876304626 21.309097290039062 20.251672744750977 21.281707763671875 0.31991419196128845 21.852983474731445 20.517454147338867
508 nan nan nan nan nan nan nan nan nan nan nan nan
510 nan nan nan nan nan nan nan nan nan nan nan nan
512 0.884682691549953 0.20556593474745816 1.4170379638671875 0.344482421875 18.932117462158203 0.18484532833099365 19.35700798034668 18.19173240661621 19.823162078857422 0.19089363515377045 20.30552864074707 19.06597900390625
513 1.7241696750416475 0.19559824484948313 2.4205665588378906 1.1159629821777344 19.01176643371582 0.07681652903556824 19.25119400024414 18.728042602539062 20.71072769165039 0.211753249168396 21.34991455078125 19.769821166992188
515 nan nan nan nan nan nan nan nan nan nan nan nan
517 nan nan nan nan 20.862592697143555 0.17650800943374634 21.288827896118164 20.163991928100586 21.59385871887207 0.19355656206607819 21.875267028808594 21.316272735595703
519 nan nan nan nan nan nan nan nan nan nan nan nan
520 0.556311017413472 0.11782858798045177 0.9045982360839844 0.10528182983398438 16.91519546508789 0.11062225699424744 17.237308502197266 16.4925537109375 17.473400115966797 0.10060398280620575 17.692337036132812 16.94784164428711
523 0.8184230721515158 0.0640598172839414 1.1051769256591797 0.6350307464599609 18.2515811920166 0.04331856593489647 18.38857650756836 18.088916778564453 19.077402114868164 0.06573571264743805 19.328224182128906 18.8150634765625
526 nan nan nan nan nan nan nan nan nan nan nan nan
527 nan nan nan nan nan nan nan nan nan nan nan nan
530 nan nan nan nan nan nan nan nan nan nan nan nan
532 nan nan nan nan 19.328624725341797 0.06715160608291626 19.582801818847656 19.17262077331543 20.747329711914062 0.19366702437400818 21.087505340576172 20.31403160095215
533 nan nan nan nan 19.828353881835938 0.11256571859121323 20.119544982910156 19.635971069335938 20.510622024536133 0.19224275648593903 20.916702270507812 19.944499969482422
534 nan nan nan nan nan nan nan nan nan nan nan nan
535 nan nan nan nan 19.771413803100586 0.09474112093448639 20.013051986694336 19.510765075683594 21.047319412231445 0.2347533404827118 21.53957748413086 20.673091888427734
536 nan nan nan nan nan nan nan nan nan nan nan nan
537 0.9151293003812749 0.02787464289961899 0.9914474487304688 0.8450126647949219 16.423404693603516 0.015908921137452126 16.49640655517578 16.338176727294922 17.337085723876953 0.023537129163742065 17.402198791503906 17.266088485717773
538 1.3201884542192732 0.25282750983818086 1.8525638580322266 0.8519325256347656 20.281415939331055 0.1447279155254364 20.794254302978516 19.871944427490234 21.605426788330078 0.23200516402721405 22.086219787597656 21.039066314697266
539 nan nan nan nan 19.015472412109375 0.15313932299613953 19.44151496887207 18.199146270751953 19.695068359375 0.2194354236125946 20.120098114013672 19.140579223632812
542 1.6432896097197787 0.18893647736130054 2.1736488342285156 0.9386024475097656 19.221389770507812 0.06880129873752594 19.571170806884766 18.989168167114258 20.855636596679688 0.18978169560432434 21.41878890991211 20.270530700683594
543 nan nan nan nan 16.38987922668457 0.01517760194838047 16.450231552124023 16.355365753173828 17.212844848632812 0.023845691233873367 17.300365447998047 17.087974548339844
544 nan nan nan nan nan nan nan nan nan nan nan nan
545 nan nan nan nan nan nan nan nan nan nan nan nan
546 nan nan nan nan nan nan nan nan nan nan nan nan
547 nan nan nan nan nan nan nan nan nan nan nan nan
548 nan nan nan nan 20.9064998626709 0.20388121902942657 21.326007843017578 20.458642959594727 21.455957412719727 0.22797222435474396 21.87276840209961 20.98194694519043
549 1.039979235053583 0.07835540650997842 1.3529701232910156 0.7271175384521484 18.078994750976562 0.030936652794480324 18.2475643157959 17.968875885009766 19.116182327270508 0.06602927297353745 19.38003921508789 18.862882614135742
550 1.0094289408101664 0.06677702231865837 1.2315731048583984 0.7532310485839844 17.996877670288086 0.029899025335907936 18.18695068359375 17.8782958984375 19.009647369384766 0.06493756920099258 19.308837890625 18.808147430419922
551 nan nan nan nan nan nan nan nan nan nan nan nan
552 nan nan nan nan 19.862972259521484 0.13600963354110718 20.12786865234375 19.494340896606445 20.33932113647461 0.17047365009784698 20.681053161621094 20.01572036743164
553 1.0816436495099748 0.22182760706793397 1.4205322265625 0.6078071594238281 20.509601593017578 0.16292211413383484 20.985702514648438 20.016618728637695 21.522171020507812 0.2887650728225708 22.056808471679688 20.807153701782227
554 1.482438087463379 0.2505380398593807 1.9382247924804688 0.87109375 20.055553436279297 0.1267305314540863 20.421396255493164 19.463607788085938 21.508831024169922 0.23010939359664917 21.96367645263672 20.999408721923828
555 nan nan nan nan nan nan nan nan nan nan nan nan
556 1.3122296713612562 0.16047598303942248 1.6913414001464844 0.6057415008544922 19.12803077697754 0.07477721571922302 19.515277862548828 18.90422821044922 20.43197250366211 0.1644846647977829 20.836990356445312 19.70982551574707
558 nan nan nan nan nan nan nan nan nan nan nan nan
559 nan nan nan nan 18.242904663085938 0.03638879954814911 18.365495681762695 18.159717559814453 19.665794372558594 0.10249079763889313 19.846702575683594 19.382160186767578
561 nan nan nan nan nan nan nan nan nan nan nan nan
563 nan nan nan nan nan nan nan nan nan nan nan nan
564 1.3291880084622292 0.225155880214135 2.020223617553711 0.7059898376464844 19.722145080566406 0.11070678383111954 20.088361740112305 19.26076889038086 21.057613372802734 0.22109602391719818 21.685007095336914 20.407188415527344
566 nan nan nan nan nan nan nan nan nan nan nan nan
567 nan nan nan nan nan nan nan nan nan nan nan nan
570 0.9755298686477373 0.19233014287736364 1.4543704986572266 0.3972797393798828 18.810991287231445 0.16506515443325043 19.30210304260254 18.090190887451172 19.764698028564453 0.17738625407218933 20.273496627807617 19.015047073364258
571 nan nan nan nan nan nan nan nan nan nan nan nan
572 0.5583685361422025 0.26787827789759877 0.8973121643066406 -0.006710052490234375 20.717334747314453 0.2592298090457916 21.296428680419922 19.88763427734375 21.222517013549805 0.2997351884841919 21.728729248046875 20.249731063842773
574 0.46279870139227974 0.18916269521611861 1.1894950866699219 0.058315277099609375 18.706825256347656 0.1928788125514984 19.221370697021484 17.70332145690918 19.173250198364258 0.18250884115695953 19.7087459564209 18.378400802612305
575 1.3769286076227825 0.190601357351774 1.8864688873291016 0.3988037109375 19.198556900024414 0.06877455115318298 19.50828742980957 18.9081974029541 20.559175491333008 0.19116966426372528 21.079618453979492 19.57323455810547
576 1.4520154997359875 0.2557395840763131 1.9945297241210938 0.8206882476806641 19.76471519470215 0.10330025106668472 20.20946502685547 19.410541534423828 21.196435928344727 0.2521657645702362 21.70281219482422 20.556556701660156
577 2.2106707436697826 0.14083162382241818 2.490079879760742 1.9986705780029297 19.517370223999023 0.15452392399311066 20.017894744873047 19.09247589111328 21.71224594116211 0.143199160695076 22.01458740234375 21.47152328491211
578 0.7965126757351857 0.15295933389449487 1.141530990600586 0.4274864196777344 19.30603790283203 0.17031577229499817 19.694828033447266 18.601890563964844 20.130495071411133 0.17371852695941925 20.46036720275879 19.416629791259766
579 nan nan nan nan nan nan nan nan nan nan nan nan
