t_color_0912.ecsv
# %ECSV 1.0
# ---
# datatype:
# - {name: SourceID, datatype: int32}
# - {name: mean_color, datatype: float64}
# - {name: std_color, datatype: float64}
# - {name: max_color, datatype: float64}
# - {name: min_color, datatype: float64}
# - {name: mean_mag_r, datatype: float64}
# - {name: std_mag_r, datatype: float64}
# - {name: max_mag_r, datatype: float64}
# - {name: min_mag_r, datatype: float64}
# - {name: mean_mag_g, datatype: float64}
# - {name: std_mag_g, datatype: float64}
# - {name: max_mag_g, datatype: float64}
# - {name: min_mag_g, datatype: float64}
# schema: astropy-2.0
SourceID mean_color std_color max_color min_color mean_mag_r std_mag_r max_mag_r min_mag_r mean_mag_g std_mag_g max_mag_g min_mag_g
[from data line 1031]
1477 1.1919168932684536 0.29410131595471595 1.7095489501953125 0.4379005432128906 20.048381805419922 0.18006309866905212 20.54855728149414 19.383235931396484 21.21412467956543 0.26001590490341187 21.791704177856445 20.602596282958984
1478 nan nan nan nan nan nan nan nan nan nan nan nan
1479 nan nan nan nan nan nan nan nan nan nan nan nan
1480 1.1580760974239037 0.05632399294869094 1.354532241821289 0.9796504974365234 17.626333236694336 0.02323842979967594 17.721799850463867 17.52318572998047 18.77997589111328 0.053056973963975906 18.95098876953125 18.623491287231445
1481 nan nan nan nan nan nan nan nan nan nan nan nan
1482 nan nan nan nan nan nan nan nan nan nan nan nan
1483 nan nan nan nan 18.06313705444336 0.02972131036221981 18.137479782104492 17.99954605102539 19.716331481933594 0.11575177311897278 20.099103927612305 19.4780330657959
1486 nan nan nan nan 18.65377426147461 0.041803814470767975 18.803428649902344 18.53555679321289 19.789552688598633 0.1165388748049736 20.007789611816406 19.313762664794922
1487 nan nan nan nan nan nan nan nan nan nan nan nan
1488 1.0318059629748482 0.07713770950909957 1.2612171173095703 0.8117504119873047 18.247447967529297 0.03560708090662956 18.529417037963867 18.12979507446289 19.273710250854492 0.07691534608602524 19.575178146362305 18.989032745361328
1489 nan nan nan nan nan nan nan nan nan nan nan nan
1490 nan nan nan nan nan nan nan nan nan nan nan nan
1491 0.8885266621907552 0.24210772940076572 1.108774185180664 0.18476104736328125 20.53108787536621 0.18103528022766113 20.964338302612305 19.999908447265625 21.490440368652344 0.22407206892967224 21.801799774169922 20.854595184326172
1492 1.2852793493936228 0.14131246178480575 1.65167236328125 0.5022201538085938 18.695016860961914 0.05049226060509682 18.98724937438965 18.549339294433594 19.980953216552734 0.12922723591327667 20.322956085205078 19.245563507080078
1493 nan nan nan nan nan nan nan nan nan nan nan nan
1495 1.2532147285633517 0.10553095014666797 1.5199775695800781 0.9071922302246094 18.418033599853516 0.05920425429940224 18.573017120361328 17.989276885986328 19.672014236450195 0.10220728069543839 19.968719482421875 19.32585906982422
1496 1.1644457420416638 0.1444777483150525 1.496042251586914 0.7800502777099609 19.199127197265625 0.07423195242881775 19.405559539794922 18.88034439086914 20.342126846313477 0.14611218869686127 20.653934478759766 19.87300682067871
1497 nan nan nan nan nan nan nan nan nan nan nan nan
1498 1.5006065888838334 0.046876912525347106 1.6321697235107422 1.3364906311035156 16.450679779052734 0.025263285264372826 16.527530670166016 16.344518661499023 17.948287963867188 0.04058205336332321 18.092363357543945 17.797119140625
1499 nan nan nan nan nan nan nan nan nan nan nan nan
1501 1.2675867224458475 0.16171781602778423 1.7239246368408203 0.3935985565185547 18.914182662963867 0.05939492583274841 19.207609176635742 18.701473236083984 20.180133819580078 0.144057497382164 20.583982467651367 19.40668487548828
1502 1.2095256501978093 0.15837598977076042 1.6576728820800781 0.7247028350830078 19.08371925354004 0.0757027342915535 19.328041076660156 18.857521057128906 20.2799129486084 0.1461707055568695 20.725948333740234 19.702699661254883
1503 0.839278883404202 0.02918573662732644 0.9063644409179688 0.7500839233398438 16.376073837280273 0.015324507839977741 16.423513412475586 16.32816505432129 17.217134475708008 0.024366024881601334 17.27498435974121 17.129226684570312
1504 nan nan nan nan nan nan nan nan nan nan nan nan
1505 nan nan nan nan nan nan nan nan nan nan nan nan
1506 nan nan nan nan 17.79994010925293 0.03410397842526436 17.896202087402344 17.68752670288086 19.058137893676758 0.125230610370636 19.226085662841797 18.43935775756836
1507 1.2613521255223097 0.08716063812142354 1.504404067993164 0.8117179870605469 18.092082977294922 0.03066874109208584 18.241424560546875 17.97559928894043 19.353351593017578 0.07670167833566666 19.579814910888672 19.053142547607422
1510 nan nan nan nan nan nan nan nan nan nan nan nan
1515 nan nan nan nan nan nan nan nan nan nan nan nan
1517 nan nan nan nan 20.54024314880371 0.3150486946105957 21.219873428344727 19.78498077392578 20.971452713012695 0.305338591337204 21.63924789428711 20.591150283813477
1521 nan nan nan nan nan nan nan nan nan nan nan nan
1523 nan nan nan nan 18.948505401611328 0.05796002224087715 19.103885650634766 18.79379653930664 20.051820755004883 0.11123847961425781 20.36387825012207 19.782073974609375
1524 1.5027427511700129 0.19467653227329584 1.97589111328125 0.7500267028808594 19.369417190551758 0.07701840251684189 19.738788604736328 19.022768020629883 20.86863899230957 0.20939332246780396 21.417301177978516 20.185413360595703
1526 nan nan nan nan nan nan nan nan nan nan nan nan
1528 1.1680112935728946 0.027802960950629355 1.2317304611206055 1.0880136489868164 13.230914115905762 0.014283783733844757 13.286275863647461 13.163692474365234 14.398380279541016 0.023201536387205124 14.455976486206055 14.320854187011719
1529 nan nan nan nan nan nan nan nan nan nan nan nan
1530 nan nan nan nan nan nan nan nan nan nan nan nan
1532 nan nan nan nan nan nan nan nan nan nan nan nan
1533 1.1956307983398438 0.1617140367962582 1.6586837768554688 0.7336483001708984 19.067934036254883 0.11292632669210434 19.592226028442383 18.773408889770508 20.253881454467773 0.14650167524814606 20.689346313476562 19.788482666015625
1534 0.7512728878643722 0.022831184933831395 0.8219051361083984 0.6914796829223633 15.683623313903809 0.01484730839729309 15.765028953552246 15.607354164123535 16.434568405151367 0.017490636557340622 16.484487533569336 16.383609771728516
1535 nan nan nan nan 16.04814910888672 0.011944049037992954 16.098915100097656 16.02374839782715 16.810033798217773 0.0212045107036829 16.917537689208984 16.76831817626953
1536 1.0984269470727743 0.12513368251513252 1.4807147979736328 0.825836181640625 19.255014419555664 0.08234864473342896 19.638282775878906 19.022783279418945 20.33168601989746 0.14295582473278046 20.77463150024414 19.925567626953125
1537 1.1952821370717641 0.26885119309717415 1.6438846588134766 0.3211669921875 19.950288772583008 0.12540636956691742 20.28599739074707 19.51995277404785 21.13314437866211 0.27160078287124634 21.58541488647461 20.26712417602539
1538 1.10182463112524 0.1787141764370959 1.7343692779541016 0.49393272399902344 19.1555233001709 0.07170063257217407 19.373912811279297 18.899349212646484 20.254405975341797 0.15559424459934235 20.657608032226562 19.616994857788086
1539 nan nan nan nan nan nan nan nan nan nan nan nan
1540 1.375664142852134 0.22250876837687228 1.8926849365234375 0.5457611083984375 19.783720016479492 0.1040981262922287 20.218318939208984 19.527576446533203 21.139047622680664 0.20509976148605347 21.665746688842773 20.368423461914062
1543 1.2794030734470911 0.24625827204539824 1.7814998626708984 0.5523300170898438 19.913578033447266 0.1173911914229393 20.419246673583984 19.21866798400879 21.185956954956055 0.2246444672346115 21.655614852905273 20.490489959716797
1544 1.1398007576925713 0.15889110527355121 1.5365047454833984 0.4610157012939453 19.266603469848633 0.06446793675422668 19.52618408203125 18.918373107910156 20.398786544799805 0.1554958075284958 20.79452896118164 19.742712020874023
1545 nan nan nan nan nan nan nan nan nan nan nan nan
1546 1.1297081193549143 0.06310797412084264 1.338369369506836 0.8426570892333984 17.947772979736328 0.02867635153234005 18.10137176513672 17.83353042602539 19.076637268066406 0.061351027339696884 19.275711059570312 18.83664894104004
1547 nan nan nan nan nan nan nan nan nan nan nan nan
1551 1.6661201311194378 0.17000218930057773 2.0110301971435547 1.0951976776123047 19.254955291748047 0.07413293421268463 19.53807830810547 18.917200088500977 20.915103912353516 0.17695385217666626 21.482254028320312 20.317035675048828
1552 nan nan nan nan 15.86169147491455 0.014340325258672237 15.894311904907227 15.833366394042969 16.799625396728516 0.01949012279510498 16.83374786376953 16.75543975830078
1553 0.5952434782254494 0.028429218111271342 0.742527961730957 0.47815704345703125 15.540590286254883 0.023245196789503098 15.614824295043945 15.309250831604004 16.13677978515625 0.026869822293519974 16.195178985595703 15.984864234924316
1555 nan nan nan nan nan nan nan nan nan nan nan nan
1560 nan nan nan nan nan nan nan nan nan nan nan nan
1561 nan nan nan nan nan nan nan nan nan nan nan nan
1562 0.9650447052136987 0.04572872086109209 1.136505126953125 0.7939567565917969 17.303661346435547 0.021115368232131004 17.396324157714844 17.177900314331055 18.267629623413086 0.03933430835604668 18.460193634033203 18.13985252380371
1563 nan nan nan nan nan nan nan nan nan nan nan nan
1564 nan nan nan nan 20.30353355407715 0.15079620480537415 20.864704132080078 19.964521408081055 21.25025177001953 0.19501087069511414 21.50729751586914 20.893291473388672
1565 0.9953721194797092 0.06948354038234694 1.1860809326171875 0.667266845703125 18.133058547973633 0.03697255626320839 18.23836898803711 17.931732177734375 19.125499725341797 0.07024986296892166 19.333642959594727 18.645143508911133
1566 1.084761483328683 0.2531621093229073 1.5766010284423828 0.5952129364013672 20.506317138671875 0.16700536012649536 20.908226013183594 19.858095169067383 21.63762664794922 0.2210238128900528 22.051815032958984 21.15211296081543
1567 nan nan nan nan 19.904693603515625 0.1404362916946411 20.26926040649414 19.585430145263672 21.355581283569336 0.2703903913497925 21.794179916381836 19.872140884399414
1568 nan nan nan nan nan nan nan nan nan nan nan nan
1570 nan nan nan nan nan nan nan nan nan nan nan nan
1572 1.21443443783259 0.06520819990292269 1.4766845703125 1.0092601776123047 17.769046783447266 0.023335924372076988 17.830276489257812 17.693355560302734 18.985563278198242 0.059632301330566406 19.2177677154541 18.7668399810791
1573 nan nan nan nan nan nan nan nan nan nan nan nan
1576 1.302149891147952 0.1348866242957831 1.914632797241211 0.9167098999023438 18.823732376098633 0.05325595289468765 19.042896270751953 18.677021026611328 20.134193420410156 0.12371020764112473 20.722362518310547 19.75506591796875
1580 1.612676299920603 0.19276501725269926 2.10009765625 0.8662643432617188 19.33439826965332 0.07889419794082642 19.737825393676758 19.04233169555664 20.9476375579834 0.20544511079788208 21.421995162963867 20.182857513427734
1581 nan nan nan nan nan nan nan nan nan nan nan nan
1584 0.7505055954467216 0.022497072035458993 0.8415517807006836 0.6818132400512695 15.612653732299805 0.014293219894170761 15.667128562927246 15.51513385772705 16.363237380981445 0.017663804814219475 16.413419723510742 16.29810333251953
1586 0.9880063738141741 0.2355538172087105 1.4006710052490234 0.40880775451660156 20.43785285949707 0.15897229313850403 20.90756607055664 19.886823654174805 21.46129035949707 0.20433315634727478 21.78127670288086 20.952016830444336
1592 nan nan nan nan 16.872478485107422 0.015320280566811562 16.931066513061523 16.838634490966797 17.7911319732666 0.02774300053715706 17.95380401611328 17.73257064819336
1594 nan nan nan nan nan nan nan nan nan nan nan nan
1595 nan nan nan nan nan nan nan nan nan nan nan nan
1596 nan nan nan nan nan nan nan nan nan nan nan nan
1598 nan nan nan nan nan nan nan nan nan nan nan nan
1599 0.7191777494218614 0.2771052418275865 1.3044967651367188 0.06138801574707031 20.503110885620117 0.16667994856834412 20.949512481689453 19.87874984741211 21.24453353881836 0.23618382215499878 21.69838523864746 20.45465660095215
1601 0.9225874710083007 0.24786331712034335 1.4223003387451172 0.16637229919433594 20.156641006469727 0.14461129903793335 20.579092025756836 19.670944213867188 21.099971771240234 0.20713943243026733 21.52663803100586 20.464519500732422
1602 0.9660875739120856 0.24492066023452427 1.4228324890136719 0.23898696899414062 20.283231735229492 0.14817418158054352 20.792171478271484 19.76357650756836 21.250768661499023 0.2309424728155136 21.8109188079834 20.40361213684082
1603 1.0533661414837014 0.06363599587239 1.2302322387695312 0.8095970153808594 17.777109146118164 0.029887810349464417 17.874767303466797 17.664657592773438 18.835609436035156 0.060670845210552216 18.97665023803711 18.578842163085938
1604 nan nan nan nan nan nan nan nan nan nan nan nan
1605 1.102486825758411 0.24280412893906414 1.74468994140625 0.5457210540771484 20.4574031829834 0.14133889973163605 20.894588470458984 19.997039794921875 21.493440628051758 0.2620907425880432 22.174619674682617 20.854555130004883
1606 1.1694704320308935 0.13120437225554396 1.4883842468261719 0.6560440063476562 18.861486434936523 0.050248391926288605 19.079418182373047 18.720699310302734 20.02872657775879 0.12469049543142319 20.34059715270996 19.47796058654785
1607 1.1446873801095145 0.2819751711102182 1.589752197265625 0.4114818572998047 20.32192039489746 0.14468815922737122 20.71564292907715 19.897977828979492 21.390953063964844 0.30901333689689636 21.967697143554688 20.460948944091797
1608 nan nan nan nan nan nan nan nan nan nan nan nan
1609 nan nan nan nan 18.488407135009766 0.034875061362981796 18.620140075683594 18.420772552490234 19.804141998291016 0.10825587064027786 20.156187057495117 19.58501434326172
1610 1.2596886189778647 0.19017484824345296 1.6884593963623047 0.8859977722167969 19.942171096801758 0.11830619722604752 20.295528411865234 19.519819259643555 21.179136276245117 0.1925567239522934 21.656408309936523 20.438678741455078
1611 nan nan nan nan nan nan nan nan nan nan nan nan
1613 nan nan nan nan nan nan nan nan nan nan nan nan
1616 nan nan nan nan nan nan nan nan nan nan nan nan
1617 0.972528540569803 0.30450271673354884 1.3891620635986328 0.1866436004638672 20.720731735229492 0.1811688393354416 21.19131088256836 20.036474227905273 21.644451141357422 0.2919170558452606 22.176254272460938 21.064878463745117
1619 1.324787608364172 0.3037700952295249 1.8090972900390625 -0.02451324462890625 20.003128051757812 0.11287364363670349 20.363197326660156 19.473997116088867 21.344722747802734 0.25759559869766235 21.767322540283203 20.232559204101562
1620 nan nan nan nan nan nan nan nan nan nan nan nan
1623 nan nan nan nan nan nan nan nan nan nan nan nan
1624 1.0275677584341445 0.10690821606748653 1.4205207824707031 0.43541717529296875 18.489831924438477 0.040091224014759064 18.619800567626953 18.277921676635742 19.516450881958008 0.09030687063932419 19.797231674194336 18.963665008544922
1627 1.495504127966391 0.04476246905561685 1.6748313903808594 1.3221435546875 16.044843673706055 0.018991198390722275 16.096179962158203 15.984659194946289 17.540334701538086 0.04141959175467491 17.663509368896484 17.418323516845703
1629 1.0103627613612585 0.23765029347177344 1.3420581817626953 0.3264446258544922 20.524784088134766 0.1701682209968567 20.921039581298828 19.884708404541016 21.551862716674805 0.22343318164348602 21.996021270751953 20.90081787109375
1630 0.7660857742115602 0.02302332228940804 0.832061767578125 0.6916675567626953 13.229619979858398 0.015297052450478077 13.286449432373047 13.172505378723145 13.994892120361328 0.019036516547203064 14.053197860717773 13.92344856262207
1631 0.9568708821346885 0.03880540883907237 1.1417369842529297 0.8314247131347656 17.122411727905273 0.01978602632880211 17.179832458496094 16.99327850341797 18.07912254333496 0.03438099846243858 18.268339157104492 17.97199058532715
1632 nan nan nan nan nan nan nan nan nan nan nan nan
1634 1.1589469800676617 0.15663707738226515 1.635671615600586 0.6437454223632812 19.224225997924805 0.07544850558042526 19.56324005126953 18.89803695678711 20.385162353515625 0.1524318903684616 20.84209632873535 19.87633514404297
1636 1.3081725253615268 0.15439476481134634 1.784799575805664 0.5423450469970703 19.03929901123047 0.07132618129253387 19.34807777404785 18.667217254638672 20.34332847595215 0.16077132523059845 20.844663619995117 19.547571182250977
