t_color_0912.ecsv
# %ECSV 1.0
# ---
# datatype:
# - {name: SourceID, datatype: int32}
# - {name: mean_color, datatype: float64}
# - {name: std_color, datatype: float64}
# - {name: max_color, datatype: float64}
# - {name: min_color, datatype: float64}
# - {name: mean_mag_r, datatype: float64}
# - {name: std_mag_r, datatype: float64}
# - {name: max_mag_r, datatype: float64}
# - {name: min_mag_r, datatype: float64}
# - {name: mean_mag_g, datatype: float64}
# - {name: std_mag_g, datatype: float64}
# - {name: max_mag_g, datatype: float64}
# - {name: min_mag_g, datatype: float64}
# schema: astropy-2.0
SourceID mean_color std_color max_color min_color mean_mag_r std_mag_r max_mag_r min_mag_r mean_mag_g std_mag_g max_mag_g min_mag_g
[from data line 1435]
2129 nan nan nan nan nan nan nan nan nan nan nan nan
2132 1.214418226672757 0.1483889391945652 1.6184501647949219 0.6585845947265625 19.149921417236328 0.0674295499920845 19.43328285217285 18.93646240234375 20.36375617980957 0.14783285558223724 20.759737014770508 19.657508850097656
2133 1.6367471828017124 0.23972598008347334 2.148557662963867 1.1069583892822266 19.82793617248535 0.09676922857761383 20.097415924072266 19.455516815185547 21.442996978759766 0.2482829988002777 21.98435401916504 20.830589294433594
2135 nan nan nan nan 20.678359985351562 0.17514929175376892 21.205795288085938 20.126014709472656 21.586811065673828 0.5140562057495117 21.996553421020508 20.232372283935547
2136 1.1463964462280274 0.28921637772855097 1.508291244506836 0.7069778442382812 20.309553146362305 0.1771540492773056 20.791025161743164 19.803421020507812 21.478166580200195 0.27548903226852417 21.905019760131836 21.085451126098633
2137 nan nan nan nan nan nan nan nan nan nan nan nan
2139 1.3215551376342773 0.03500415435074593 1.4108772277832031 1.2329940795898438 16.26470375061035 0.016688674688339233 16.316299438476562 16.19266128540039 17.586971282958984 0.03306722640991211 17.660688400268555 17.492691040039062
2140 nan nan nan nan nan nan nan nan nan nan nan nan
2141 1.4642476132041529 0.05516506497780323 1.6031532287597656 1.3055400848388672 17.19104766845703 0.019781848415732384 17.255966186523438 17.12517547607422 18.658187866210938 0.05321171134710312 18.802104949951172 18.481204986572266
2146 nan nan nan nan 18.959835052490234 0.05694706737995148 19.12771224975586 18.81944465637207 20.225040435791016 0.1404036432504654 20.687469482421875 19.969768524169922
2147 nan nan nan nan nan nan nan nan nan nan nan nan
2150 0.9775936749516702 0.14997479669237587 1.4271259307861328 0.46077919006347656 19.255779266357422 0.07395803928375244 19.687767028808594 18.905155181884766 20.22604751586914 0.13781124353408813 20.602508544921875 19.5557918548584
2151 0.9686333338419596 0.261186770700365 1.5974884033203125 -0.0054340362548828125 20.351078033447266 0.1303350031375885 20.695720672607422 19.892314910888672 21.33017921447754 0.23396433889865875 21.862628936767578 20.526304244995117
2153 0.8587021005564722 0.028593548524051143 0.9396438598632812 0.7795600891113281 16.167442321777344 0.015218105167150497 16.21515655517578 16.116790771484375 17.025962829589844 0.026404250413179398 17.097732543945312 16.953296661376953
2154 1.6277379308428084 0.21763833932638282 2.221620559692383 0.9648590087890625 19.590492248535156 0.10132178664207458 19.895509719848633 19.21249008178711 21.179054260253906 0.25770846009254456 21.767414093017578 20.403663635253906
2155 nan nan nan nan nan nan nan nan nan nan nan nan
2158 nan nan nan nan nan nan nan nan nan nan nan nan
2159 nan nan nan nan nan nan nan nan nan nan nan nan
2163 1.2269453333917064 0.06425428420191073 1.574951171875 1.0878562927246094 17.707529067993164 0.02602177858352661 17.823322296142578 17.591049194335938 18.929811477661133 0.05706607922911644 19.166000366210938 18.749563217163086
2165 nan nan nan nan 16.717222213745117 0.01649620570242405 16.756555557250977 16.67983627319336 17.75200653076172 0.03115236572921276 17.832603454589844 17.666561126708984
2171 1.6417905287309127 0.21810449380598051 2.103931427001953 1.0805931091308594 19.853288650512695 0.1054917648434639 20.17200469970703 19.50627326965332 21.45149803161621 0.27180346846580505 21.947124481201172 20.48495101928711
2173 0.2949221134185791 0.31476881156028064 0.9795570373535156 -0.5722579956054688 21.08335304260254 0.2479589879512787 21.677125930786133 20.30071258544922 21.34731674194336 0.2073042392730713 21.82733726501465 20.81162452697754
2175 1.5237771390958597 0.2193749105871109 2.0598583221435547 0.394287109375 19.357891082763672 0.07611436396837234 19.601320266723633 18.969785690307617 20.868072509765625 0.21877017617225647 21.358726501464844 19.807567596435547
2177 nan nan nan nan nan nan nan nan nan nan nan nan
2178 nan nan nan nan nan nan nan nan nan nan nan nan
2179 nan nan nan nan nan nan nan nan nan nan nan nan
2180 0.9420800489537856 0.028807512326988537 1.0146598815917969 0.8353919982910156 16.578763961791992 0.015137914568185806 16.629505157470703 16.49480438232422 17.520122528076172 0.02497928962111473 17.601768493652344 17.43396759033203
2182 nan nan nan nan nan nan nan nan nan nan nan nan
2185 nan nan nan nan nan nan nan nan nan nan nan nan
2187 nan nan nan nan nan nan nan nan nan nan nan nan
2191 nan nan nan nan nan nan nan nan nan nan nan nan
2195 nan nan nan nan nan nan nan nan nan nan nan nan
2197 nan nan nan nan nan nan nan nan nan nan nan nan
2200 nan nan nan nan nan nan nan nan nan nan nan nan
2201 nan nan nan nan nan nan nan nan nan nan nan nan
2202 nan nan nan nan nan nan nan nan nan nan nan nan
2205 nan nan nan nan nan nan nan nan nan nan nan nan
2208 nan nan nan nan nan nan nan nan nan nan nan nan
2210 nan nan nan nan nan nan nan nan nan nan nan nan
2213 nan nan nan nan nan nan nan nan nan nan nan nan
2214 nan nan nan nan nan nan nan nan nan nan nan nan
2215 nan nan nan nan nan nan nan nan nan nan nan nan
2216 nan nan nan nan nan nan nan nan nan nan nan nan
2217 nan nan nan nan nan nan nan nan nan nan nan nan
2218 nan nan nan nan nan nan nan nan nan nan nan nan
2226 nan nan nan nan nan nan nan nan nan nan nan nan
2239 nan nan nan nan nan nan nan nan nan nan nan nan
2245 nan nan nan nan nan nan nan nan nan nan nan nan
2271 nan nan nan nan nan nan nan nan nan nan nan nan
2278 nan nan nan nan nan nan nan nan nan nan nan nan
2298 nan nan nan nan nan nan nan nan nan nan nan nan
2307 nan nan nan nan nan nan nan nan nan nan nan nan
2319 nan nan nan nan nan nan nan nan nan nan nan nan
2320 nan nan nan nan nan nan nan nan nan nan nan nan
2328 nan nan nan nan nan nan nan nan nan nan nan nan
2336 nan nan nan nan nan nan nan nan nan nan nan nan
2347 nan nan nan nan nan nan nan nan nan nan nan nan
2349 nan nan nan nan nan nan nan nan nan nan nan nan
2364 nan nan nan nan nan nan nan nan nan nan nan nan
2365 nan nan nan nan nan nan nan nan nan nan nan nan
2370 nan nan nan nan nan nan nan nan nan nan nan nan
2372 nan nan nan nan nan nan nan nan nan nan nan nan
2387 nan nan nan nan nan nan nan nan nan nan nan nan
2395 nan nan nan nan nan nan nan nan nan nan nan nan
2396 nan nan nan nan nan nan nan nan nan nan nan nan
2402 nan nan nan nan nan nan nan nan nan nan nan nan
2405 nan nan nan nan nan nan nan nan nan nan nan nan
2415 nan nan nan nan nan nan nan nan nan nan nan nan
2417 nan nan nan nan nan nan nan nan nan nan nan nan
2418 nan nan nan nan nan nan nan nan nan nan nan nan
2429 nan nan nan nan nan nan nan nan nan nan nan nan
2432 nan nan nan nan nan nan nan nan nan nan nan nan
2434 nan nan nan nan nan nan nan nan nan nan nan nan
2445 nan nan nan nan nan nan nan nan nan nan nan nan
2457 nan nan nan nan nan nan nan nan nan nan nan nan
2477 nan nan nan nan nan nan nan nan nan nan nan nan
2482 nan nan nan nan nan nan nan nan nan nan nan nan
2488 nan nan nan nan nan nan nan nan nan nan nan nan
2489 nan nan nan nan nan nan nan nan nan nan nan nan
2514 nan nan nan nan nan nan nan nan nan nan nan nan
2545 nan nan nan nan nan nan nan nan nan nan nan nan
2573 nan nan nan nan nan nan nan nan nan nan nan nan
2594 nan nan nan nan nan nan nan nan nan nan nan nan
2631 nan nan nan nan nan nan nan nan nan nan nan nan
2669 nan nan nan nan nan nan nan nan nan nan nan nan
2674 nan nan nan nan nan nan nan nan nan nan nan nan
2679 nan nan nan nan nan nan nan nan nan nan nan nan
2681 nan nan nan nan nan nan nan nan nan nan nan nan
2743 nan nan nan nan nan nan nan nan nan nan nan nan
2745 nan nan nan nan nan nan nan nan nan nan nan nan
2751 nan nan nan nan nan nan nan nan nan nan nan nan
2758 nan nan nan nan nan nan nan nan nan nan nan nan
2775 nan nan nan nan nan nan nan nan nan nan nan nan
2791 nan nan nan nan nan nan nan nan nan nan nan nan
2806 nan nan nan nan nan nan nan nan nan nan nan nan
2808 nan nan nan nan nan nan nan nan nan nan nan nan
2813 nan nan nan nan nan nan nan nan nan nan nan nan
2832 nan nan nan nan nan nan nan nan nan nan nan nan
2842 nan nan nan nan nan nan nan nan nan nan nan nan
2862 nan nan nan nan nan nan nan nan nan nan nan nan
2866 nan nan nan nan nan nan nan nan nan nan nan nan
2874 nan nan nan nan nan nan nan nan nan nan nan nan
2885 nan nan nan nan nan nan nan nan nan nan nan nan
2889 nan nan nan nan nan nan nan nan nan nan nan nan
2892 nan nan nan nan nan nan nan nan nan nan nan nan
2895 nan nan nan nan nan nan nan nan nan nan nan nan
2908 nan nan nan nan nan nan nan nan nan nan nan nan
2910 nan nan nan nan nan nan nan nan nan nan nan nan
2918 nan nan nan nan nan nan nan nan nan nan nan nan
2919 nan nan nan nan nan nan nan nan nan nan nan nan
2921 nan nan nan nan nan nan nan nan nan nan nan nan
2941 nan nan nan nan nan nan nan nan nan nan nan nan
2949 nan nan nan nan nan nan nan nan nan nan nan nan
2954 nan nan nan nan nan nan nan nan nan nan nan nan
2969 nan nan nan nan nan nan nan nan nan nan nan nan
2988 nan nan nan nan nan nan nan nan nan nan nan nan
3029 nan nan nan nan nan nan nan nan nan nan nan nan
3034 nan nan nan nan nan nan nan nan nan nan nan nan
3098 nan nan nan nan nan nan nan nan nan nan nan nan
3149 nan nan nan nan nan nan nan nan nan nan nan nan
3158 nan nan nan nan nan nan nan nan nan nan nan nan
3171 nan nan nan nan nan nan nan nan nan nan nan nan
3186 nan nan nan nan nan nan nan nan nan nan nan nan
3191 nan nan nan nan nan nan nan nan nan nan nan nan
