t_zg_0518.ecsv
# %ECSV 1.0
# ---
# datatype:
# - {name: SourceID, datatype: int32}
# - {name: filter, datatype: string}
# - {name: OID, datatype: string}
# - {name: RA, datatype: float64}
# - {name: DEC, datatype: float64}
# - {name: numobs, datatype: int32}
# - {name: DELTA_SIG_MAG, datatype: float64}
# - {name: CONST_CHI2, datatype: float64}
# - {name: LNP_SIG, datatype: float64}
# - {name: period, datatype: float64}
# - {name: period_c, datatype: float64}
# - {name: power, datatype: float64}
# - {name: power_c, datatype: float64}
# - {name: upsilon_class, datatype: string}
# - {name: upsilon_prob, datatype: float64}
# - {name: upsilon_flag, datatype: float64}
# - {name: upsilon_period, datatype: float64}
# schema: astropy-2.0
SourceID filter OID RA DEC numobs DELTA_SIG_MAG CONST_CHI2 LNP_SIG period period_c power power_c upsilon_class upsilon_prob upsilon_flag upsilon_period
[from data line 2052]
8273 zg 1809111300037707 5.1051241 59.2523801 0 nan nan nan nan nan nan nan nan nan nan nan
1815 zg 1809111300037721 5.074599 59.2496655 53 22.350818634033203 1.0187853915476048 0.20995324871115917 0.10672141889056529 0.9973307368133587 0.26595887415587655 0.07407712415214793 DSCT 0.54 1.0 0.03893952792285602
8274 zg 806103400042003 5.0981672 59.2512517 46 47.76349639892578 11.831791951947627 2.5068914667480514e-05 1.0006538272106134 0.4993316884217891 0.5180758665586885 0.7106994564355472 EB_ED 0.55 1.0 0.9982870837228042
1819 zg 1809111300051823 4.9937959 59.2670769 1 nan nan nan nan nan nan nan nan nan nan nan
8275 zg 1809111300029074 5.1617202 59.2745411 0 nan nan nan nan nan nan nan nan nan nan nan
1823 zg 806103100035838 5.1137639 59.3539968 348 41.855716705322266 1.533607905515359 0.0003215712259293526 0.4986380746844874 0.9999541023165953 0.0860477990946121 0.38361369379513877 NonVar 0.39 1.0 0.4499376408819048
1823 zg 1809111300028120 5.1138262 59.3539972 52 29.79438018798828 1.265567703845872 0.07283331016466806 0.352640726704164 0.997370740095351 0.3051913592942039 0.05080086889704406 DSCT 0.59 1.0 0.05528436634159867
1827 zg 806103100019308 5.1650385 59.3307027 410 160.015869140625 1.5764010915475732 0.0009145984434887409 327.14519740700956 0.9999469712346448 0.06683018657768904 0.1424610683408566 NonVar 0.37 1.0 0.2503330607874723
1824 zg 806103400029930 5.071563 59.2493956 36 15.191272735595703 1.940351204427293 0.0025721231432674577 0.22398567124769903 0.9972942978961291 0.5007722796094709 0.118190588004663 DSCT 0.64 1.0 0.038816027410597226
1824 zg 1809111300006587 5.0716046 59.2493945 4 nan nan nan nan nan nan nan nan nan nan nan
1827 zg 1809111300004201 5.1650731 59.3306889 68 153.581298828125 2.6535873911121723 0.10565452258574974 0.10557582514119378 0.9973726905723661 0.23314108092552496 0.01307722057308784 NonVar 0.53 1.0 0.07077664646178658
8276 zg 806103100049353 5.1771951 59.2933111 1 nan nan nan nan nan nan nan nan nan nan nan
1835 zg 806103400000249 5.1075559 59.2522439 235 34.86435317993164 1.470326894455182 0.01936587257843643 0.38342467229132254 0.9999661926656115 0.08873175802542348 0.007106695156812296 NonVar 0.49 1.0 0.030228206423977833
1836 zg 1809111300005906 4.9866799 59.27077 23 20.262426376342773 3.410400757194266 0.0001496171820597513 0.19540143107184232 0.9974208609784404 0.7748792670903702 0.17790302845023387 DSCT 0.69 1.0 0.14039436805356867
1835 zg 1809111300006519 5.1075592 59.2522035 57 23.610191345214844 1.290778115718195 0.9777489247224848 1.0345107256627992 0.9973726905723661 0.15893032525657058 0.04123841681862859 NonVar 0.85 1.0 0.04643184579367927
1838 zg 806103400044227 5.0872934 59.249621 14 14.568580627441406 2.179520485790418 0.0074766638766212345 0.3481004478073983 0.9974100342563469 0.8177797003003742 0.24638720884844037 RRL_ab 0.35 1.0 0.5347200885652178
8278 zg 806103400029919 5.1020721 59.2512093 1 nan nan nan nan nan nan nan nan nan nan nan
1838 zg 1809111300029323 5.0872674 59.2495606 3 nan nan nan nan nan nan nan nan nan nan nan
1843 zg 806103100036139 5.1778247 59.3142982 395 115.92279815673828 2.412519212107379 2.379423415243251e-16 0.9993296048090324 0.9999469712346448 0.18934568172506827 0.15389146596582332 LPV_SRV_AGB_O 0.29 0.0 971.1671093249987
1843 zg 1809111300004711 5.1778359 59.3142883 67 62.49095916748047 1.6651575720881906 0.015486847411529787 0.13352538626949156 0.9973726905723661 0.2863777161661736 0.048940649387382566 DSCT 0.66 1.0 0.15417806359832478
8279 zg 1809111300048069 5.099984 59.2507926 1 nan nan nan nan nan nan nan nan nan nan nan
8280 zg 1809111300029303 5.1038906 59.2512804 0 nan nan nan nan nan nan nan nan nan nan nan
8281 zg 806103400039635 5.0932253 59.2498316 9 nan nan nan nan nan nan nan nan nan nan nan
1849 zg 1809111300003479 5.1167194 59.3541119 68 475.0909118652344 14.915167366094908 0.07222158475233804 338.735506111498 0.9973726905723661 0.24097215018424653 0.9409585228432286 NonVar 0.48 1.0 0.0552691996684423
1849 zg 806103100018645 5.1167004 59.3541205 417 355.956298828125 2.714202206990227 0.005904169405326616 284.082297803008 0.9999469712346448 0.057758361224608444 0.06103145299180202 EB_ED 0.43 1.0 0.9963242978456002
1851 zg 1809111300053034 5.1597268 59.2716483 1 nan nan nan nan nan nan nan nan nan nan nan
1850 zg 806103100035990 5.1628432 59.3338686 414 434.3200988769531 3.891388607143713 6.309694621904945e-06 0.4999654065970339 0.9999469712346448 0.08695742673524712 0.132046427839136 RRL_ab 0.41 1.0 0.4999573278378372
1853 zg 806103400039586 5.1494299 59.2653487 32 11.982208251953125 1.4126080281453244 0.000550361835260171 0.11073399230299935 0.9972665929368856 0.5917716271312449 0.05816476502065182 DSCT 0.74 1.0 0.1107348544723352
1850 zg 1809111300028337 5.1629102 59.3338721 68 823.190185546875 22.43581008936792 0.5305772652974695 0.10412034683757976 0.9973726905723661 0.1821949275377285 0.010487804751895329 NonVar 0.76 1.0 0.036973098162230295
1856 zg 806103100019059 5.1559883 59.3387921 398 77.58680725097656 2.216330758353962 0.31608811880371196 0.18385590992892892 0.9999469712346448 0.0418219519952212 0.0031606664393317215 NonVar 0.68 1.0 0.0763481149603977
1856 zg 1809111300003961 5.1560345 59.338793 63 61.29133987426758 2.5224941292922027 0.032837866066101645 0.1057768044663124 0.9973726905723661 0.2799379953265373 0.009507794497192293 DSCT 0.49 1.0 0.038192323966941756
1853 zg 1809111300006141 5.1494586 59.2652619 12 9.437195777893066 1.8107658197871268 0.0009245975738082344 3.1477986303930736 0.9973834347974009 0.9390372347932835 0.0116711855164226 DSCT 0.51 1.0 0.05083777673309744
8285 zg 806103400020707 5.0251787 59.2540771 0 nan nan nan nan nan nan nan nan nan nan nan
8286 zg 806103400046172 5.0137865 59.2573025 1 nan nan nan nan nan nan nan nan nan nan nan
1863 zg 806103100029656 5.1740869 59.322521 286 33.13982009887695 1.8739184468459322 0.0004499596873455378 1.0352033497821997 0.9999600177254654 0.10000927291256234 0.07209421430314732 RRL_ab 0.36 1.0 0.5079519773018424
8287 zg 806103400042004 5.1052132 59.251244 1 nan nan nan nan nan nan nan nan nan nan nan
1863 zg 1809111300004455 5.1741428 59.3224713 44 21.941064834594727 1.6376952826353395 0.007976106311661985 4.059457292740668 0.9973717030673795 0.4199142824093361 0.1253643264968216 DSCT 0.55 1.0 0.0420354773168022
1869 zg 1809111300053599 5.0938805 59.2496508 0 nan nan nan nan nan nan nan nan nan nan nan
1870 zg 1809111300042546 5.1755739 59.321047 0 nan nan nan nan nan nan nan nan nan nan nan
1878 zg 1809111300037317 5.1808815 59.3047716 0 nan nan nan nan nan nan nan nan nan nan nan
1870 zg 806103100036091 5.1756844 59.3210607 3 nan nan nan nan nan nan nan nan nan nan nan
1883 zg 806103400046163 5.1452748 59.2626548 0 nan nan nan nan nan nan nan nan nan nan nan
1880 zg 1809111300028959 5.1741414 59.2842657 5 nan nan nan nan nan nan nan nan nan nan nan
1877 zg 1809111300028595 5.1803802 59.3107132 0 nan nan nan nan nan nan nan nan nan nan nan
1881 zg 1809111300050171 5.0281848 59.2528648 0 nan nan nan nan nan nan nan nan nan nan nan
1887 zg 1809111300028123 5.1210971 59.3537221 11 18.433528900146484 5.178299557828987 0.02200602325021111 0.1875282614817313 0.9973526903856534 0.8988599585620094 0.3122483057021806 DSCT 0.74 1.0 0.042745463930143036
1888 zg 1809111300048029 5.1563148 59.2684081 0 nan nan nan nan nan nan nan nan nan nan nan
8289 zg 806103400048452 5.097965 59.249692 57 76.99520874023438 41.03230438876524 0.0002020251739420478 0.4937370742529634 0.9999648214745406 0.4021392927008735 0.018066694777171217 NonVar 0.5 1.0 0.041694089806221114
1892 zg 806103400020599 5.1540021 59.2669894 160 244.6074676513672 2.041435591650324 6.657048065448993e-09 326.3401371792759 0.9999661926656115 0.24617620121052766 0.1513416752944117 LPV_OSARG_RGB 0.34166666666666673 1.0 321.9757407249999
1887 zg 806103100018663 5.121212 59.3537335 79 16.220041275024414 1.5298070831260913 0.010340100813478761 358.6075337310779 0.9972878914760246 0.2509529399755243 0.636363105124381 NonVar 0.44 1.0 0.030017709265926312
1892 zg 1809111300006093 5.15401 59.2669839 68 906.3179321289062 19.30565732642328 0.07506691241427511 338.735506111498 0.9973726905723661 0.23982247691401004 0.9409585228432282 RRL_ab 0.36 1.0 0.5000875619999948
1889 zg 806103100019133 5.1608847 59.33654 12 11.709309577941895 2.2385091921516707 0.013231352588505801 0.1880738471994928 0.10600699638462227 0.8832094312379619 0.11118235740312439 RRL_e 0.46 1.0 0.2188271597748194
1893 zg 1809111300006426 5.023259 59.2539102 2 nan nan nan nan nan nan nan nan nan nan nan
1889 zg 1809111300004025 5.1608263 59.3366017 1 nan nan nan nan nan nan nan nan nan nan nan
1895 zg 806103400020722 5.1207024 59.2537966 232 42.05561828613281 1.6289502235943178 0.10435918865078955 17.15883262466785 0.9999541023165953 0.07571058586478516 0.001335761516076127 NonVar 0.52 1.0 0.06718532989755717
1895 zg 1809111300006472 5.1207216 59.253795 62 48.10971450805664 2.5507012381136422 0.08189223153376486 0.2034313477108283 0.9973726905723661 0.26228420126255264 0.11201506599505903 DSCT 0.4 1.0 0.2309873265588891
1893 zg 806103400020710 5.0231272 59.2538523 5 nan nan nan nan nan nan nan nan nan nan nan
1897 zg 806103100029393 5.1441018 59.3460927 171 29.170673370361328 2.8797809378049237 0.00015713363404487512 1.0351069703876805 0.9999501763003237 0.17177534509814388 0.22479236790362547 DSCT 0.43 1.0 0.04301462354234307
1897 zg 1809111300003759 5.1441483 59.3460887 23 17.32168960571289 2.710651318214708 0.005007911123937891 0.17551420055951183 0.997350612702214 0.6675643901406747 0.09646060156029643 DSCT 0.4 1.0 0.21299761470726028
8290 zg 806103100029495 5.159836 59.3374864 0 nan nan nan nan nan nan nan nan nan nan nan
1883 zg 1809111300048042 5.1455801 59.2623336 0 nan nan nan nan nan nan nan nan nan nan nan
1903 zg 806103400046177 5.0341764 59.2511828 7 nan nan nan nan nan nan nan nan nan nan nan
8291 zg 1809111300050180 5.1026246 59.249932 2 nan nan nan nan nan nan nan nan nan nan nan
8292 zg 806103400046152 4.9934526 59.2646008 0 nan nan nan nan nan nan nan nan nan nan nan
1904 zg 1809111300029260 5.1256766 59.2547866 3 nan nan nan nan nan nan nan nan nan nan nan
1904 zg 806103400000197 5.1257877 59.2547495 21 10.429946899414062 1.305085257078244 0.0007065785144178755 0.16732168726710814 0.9972653829041017 0.732437958246298 0.07952525151043416 DSCT 0.27 1.0 0.032036723100490695
1903 zg 1809111300042874 5.0345167 59.2509331 1 nan nan nan nan nan nan nan nan nan nan nan
1909 zg 806103400000163 5.0164571 59.2551747 213 87.26628875732422 2.3486465735971525 0.24290333239542677 0.1241071561296655 0.9999661926656115 0.07135089061871115 0.033485914550852675 NonVar 0.55 1.0 0.07128088127628955
1909 zg 1809111300006380 5.0164682 59.2551588 65 58.01525115966797 1.3517135577661359 0.11093017319291266 0.3112946955176778 0.9973726905723661 0.24337771984841852 0.005064812607634678 NonVar 0.59 1.0 0.03381826285714251
1911 zg 806103400020757 5.1076195 59.2504615 64 25.959075927734375 2.822567309081715 6.48488906107324e-05 0.9972665929368856 0.9972665929368856 0.3868024133622977 0.9644748680474019 NonVar 0.45 1.0 0.03620512296629518
1911 zg 1809111300006567 5.1077132 59.2504394 13 8.1148099899292 1.0724741852520971 0.003651658024489102 1.1428485163888897 0.9974687545521682 0.8960197553268462 0.1994605917153442 CEPH_F 0.25 1.0 7.83200183823531
8294 zg 806103400020765 5.1030885 59.2496511 14 30.361915588378906 10.816633049884416 0.0004633730707487236 1.0018028451404495 0.997414056148615 0.915169246198353 0.7772658041546201 DSCT 0.53 1.0 0.0914211372123555
1914 zg 806103100020216 5.1821708 59.2980056 335 57.38501739501953 1.9191770554040486 0.005167684563114775 0.2322830463505976 0.9999348120575894 0.07335594389523338 0.008777421925587356 NonVar 0.63 1.0 0.03740101232681474
1914 zg 1809111300005177 5.1821814 59.297994 65 34.717891693115234 1.8799576305399925 0.014035086933662382 7.227671274456985 0.9973717030673795 0.29592719117431887 0.033749965679809424 DSCT 0.66 1.0 0.07187371855558967
1917 zg 1809111300006136 4.9960954 59.2627257 67 126.19863891601562 2.2050110782677392 0.26340247580324366 0.15471751799700575 0.9973726905723661 0.21015281302045158 0.014044442251319405 NonVar 0.54 1.0 0.08660596076199811
1917 zg 806103400000005 4.9960619 59.2627414 175 171.3076934814453 2.3838137189731063 0.11264987880599935 0.5250860455032907 0.9999661926656115 0.09187015847801686 0.0029439510582182074 NonVar 0.64 1.0 0.06842055761820434
1920 zg 806103100029405 5.1482505 59.3450542 344 38.43043518066406 1.8561841367141463 6.005275184991636e-06 29.513727768225547 0.9999541023165953 0.10772016705127167 0.03521208743521132 EB_ED 0.4 1.0 29.51244818307694
1922 zg 806103400029937 5.0526445 59.2481485 1 nan nan nan nan nan nan nan nan nan nan nan
1920 zg 1809111300003786 5.1482807 59.3450585 52 25.211238861083984 1.6101684166020966 0.15700744687944976 0.1132230962174847 0.9973726905723661 0.27994553263324523 0.04593078578077504 DSCT 0.85 1.0 0.14945513647134012
8295 zg 1809111300037008 5.1554879 59.3412497 0 nan nan nan nan nan nan nan nan nan nan nan
1925 zg 1809111300005645 5.1751851 59.2830188 13 13.907707214355469 3.009142981036335 0.07721678687417453 0.10093240611118569 0.9974697673851077 0.7829585531999181 0.20295433022014173 DSCT 0.75 1.0 0.08522317523523083
1927 zg 806103100019881 5.1822899 59.3105153 14 6.359004497528076 0.6862418292456846 0.0015615924530590225 0.13253806659473072 0.9999731088871865 0.8875556671756396 0.4217185411991503 EB_EC 0.55 1.0 0.15455260697552672
1930 zg 806103100018768 5.136685 59.3499878 355 45.3193359375 1.9617621975770032 0.004014974637538839 0.9973333710007354 0.9999661926656115 0.07101623585464471 0.9353606113361808 DSCT 0.42 1.0 0.07646214974372165
1927 zg 1809111300004814 5.1823564 59.3104711 0 nan nan nan nan nan nan nan nan nan nan nan
1930 zg 1809111300003623 5.1367382 59.3499748 54 27.08551025390625 1.745148231712091 0.03318700052457859 1.3223148596606389 0.9973717276003407 0.3193068091428846 0.16234330444248282 DSCT 0.82 1.0 0.04707176587218875
1931 zg 806103100019269 5.1685424 59.331981 177 25.250141143798828 1.8813813628758087 8.362459486653229e-07 1.0349667959642028 0.9972799919580893 0.2133801240629839 0.19814294487927456 CEPH_Other 0.2 1.0 1.0349794832320407
1931 zg 1809111300004170 5.1686555 59.3319964 27 13.629119873046875 1.21317961713362 0.0012068183796817803 0.10490285101702214 0.9973495989455526 0.6510355213641008 0.2677245455043828 DSCT 0.61 1.0 0.030284998628099805
8296 zg 806103100029368 5.1418667 59.3480791 2 nan nan nan nan nan nan nan nan nan nan nan
1936 zg 1809111300028163 5.1349239 59.3507469 24 14.92846965789795 1.4376801620807724 0.01447770970848109 0.1387641132507139 0.9973015296623872 0.6124992796026693 0.02549120127069067 DSCT 0.56 1.0 0.13876852312219473
1936 zg 806103100029347 5.1349176 59.3507583 176 27.42034149169922 1.9869645349673057 2.146069587014582e-06 0.49862646948593314 0.9999501763003237 0.20973056105971785 0.5028189890468368 RRL_d 0.23 1.0 0.33242456583899627
8297 zg 806103400048292 5.0908548 59.247921 4 nan nan nan nan nan nan nan nan nan nan nan
1937 zg 1809111300029101 5.1640436 59.2719738 6 nan nan nan nan nan nan nan nan nan nan nan
8298 zg 1809111300050091 5.1772356 59.2851483 0 nan nan nan nan nan nan nan nan nan nan nan
1941 zg 1809111300005494 5.1794195 59.2883776 2 nan nan nan nan nan nan nan nan nan nan nan
1941 zg 806103100048129 5.1796686 59.2885182 16 12.150288581848145 1.8686266044366002 0.0008999102859843472 0.10855554109779456 0.99737157659329 0.8607163582672928 0.6220033382779567 DSCT 0.5 1.0 0.041617458487153286
8299 zg 806103100045084 5.1729803 59.3285041 0 nan nan nan nan nan nan nan nan nan nan nan
1949 zg 1809111300003680 5.1423613 59.3483435 0 nan nan nan nan nan nan nan nan nan nan nan
