t_zg_0621.ecsv
# %ECSV 1.0
# ---
# datatype:
# - {name: SourceID, datatype: int32}
# - {name: filter, datatype: string}
# - {name: OID, datatype: string}
# - {name: RA, datatype: float64}
# - {name: DEC, datatype: float64}
# - {name: numobs, datatype: int32}
# - {name: DELTA_SIG_MAG, datatype: float64}
# - {name: CONST_CHI2, datatype: float64}
# - {name: sf, datatype: float64}
# - {name: LNP_SIG, datatype: float64}
# - {name: period, datatype: float64}
# - {name: period_c, datatype: float64}
# - {name: power, datatype: float64}
# - {name: power_c, datatype: float64}
# - {name: upsilon_class, datatype: string}
# - {name: upsilon_prob, datatype: float64}
# - {name: upsilon_flag, datatype: float64}
# - {name: upsilon_period, datatype: float64}
# schema: astropy-2.0
SourceID filter OID RA DEC numobs DELTA_SIG_MAG CONST_CHI2 sf LNP_SIG period period_c power power_c upsilon_class upsilon_prob upsilon_flag upsilon_period
[from data line 1644]
1335 zg 1809111300004287 4.9962725 59.324984 13 17.351091384887695 3.3701418381038626 3.2972185372385196e-05 0.03791998257614469 0.2052074466595017 0.9971952740604495 0.7862124463895609 0.3910286012659853 DSCT 0.63 1.0 0.09932838596313935
1337 zg 1809111300005721 5.1444167 59.2798611 17 15.510887145996094 3.063743965244348 1.9943168454954804e-05 0.001113480844143505 0.14530510684297335 2800.0 0.8138724393819167 0.38116948801293354 DSCT 0.51 1.0 0.03273205169260298
1336 zg 806103100042601 5.014252 59.3366241 50 31.478044509887695 4.213538068749508 5.964597824327857e-24 7.400268133186044e-06 0.9973302622035204 0.9973302622035204 0.49542772730410417 0.9727543101503399 DSCT 0.52 1.0 0.03511546436246175
1339 zg 1809111300005244 4.9885585 59.292621 1 nan nan nan nan nan nan nan nan nan nan nan nan
1340 zg 806103100019310 5.1411414 59.33042 2 nan nan nan nan nan nan nan nan nan nan nan nan
3096 zg 1809111300049995 4.9875893 59.3132845 1 nan nan nan nan nan nan nan nan nan nan nan nan
1332 zg 806103100045025 5.0703872 59.348046 0 nan nan nan nan nan nan nan nan nan nan nan nan
3097 zg 1809111300028175 5.0675645 59.3479997 1 nan nan nan nan nan nan nan nan nan nan nan nan
1346 zg 1809111300006047 5.1241965 59.2685571 66 827.658203125 21.725746233312805 1.2655204588130206e-267 0.07707329252506016 341.51591945928 2800.0 0.2392143211257191 0.947955678411725 NonVar 0.45 1.0 0.04234825869045775
1334 zg 1809111300042494 5.0006088 59.3289294 1 nan nan nan nan nan nan nan nan nan nan nan nan
1347 zg 1809111300028464 4.9911101 59.3197435 3 nan nan nan nan nan nan nan nan nan nan nan nan
1344 zg 1809111300028220 5.0330753 59.3434374 0 nan nan nan nan nan nan nan nan nan nan nan nan
1334 zg 806103100036008 5.0001939 59.3286982 8 31.42257308959961 17.7965506502474 6.849887162712579e-30 nan 0.11544507789457484 0.11584074451446175 5.2530044875574005 0.992864491035669 DSCT 0.52 1.0 0.03587447241998703
1338 zg 806103100040215 4.9859598 59.3093474 47 21.43242645263672 2.694636382211594 1.0455585831949344e-09 0.011739697305591226 0.16087281894864833 0.9972988098176622 0.36229903524861207 0.040396627795817444 DSCT 0.67 1.0 0.1608723756709095
1338 zg 1809111300037249 4.9859582 59.3093669 8 nan nan nan nan nan nan nan nan nan nan nan nan
1347 zg 806103100019553 4.9910048 59.3197534 32 15.927578926086426 2.1722160495829166 8.96550387024029e-05 0.0027522845908828043 0.2591009103629576 0.9972692300161607 0.5250559410057303 0.018857118816467077 DSCT 0.59 1.0 0.03040848322461167
3098 zg 806103100042795 4.9910374 59.2879814 10 8.940167427062988 1.1083311724965415 0.347619572845979 0.005061959268196573 0.773621162384827 0.9974646525242142 0.8840694698603415 0.28788516272595144 EB_EC 0.49 1.0 0.03592604526707135
1349 zg 1809111300037651 5.0632188 59.2597615 17 21.60523796081543 5.131459498767038 6.936071341542892e-11 0.014736508364254613 0.7965067481893333 2800.0 0.7577747825834834 0.5587683632522064 DSCT 0.49 1.0 0.03569758148249985
3099 zg 1809111300037633 5.041528 59.2623647 0 nan nan nan nan nan nan nan nan nan nan nan nan
3100 zg 806103100036007 5.0009543 59.3293983 3 nan nan nan nan nan nan nan nan nan nan nan nan
1349 zg 806103400020648 5.0629972 59.2597482 43 16.740076065063477 1.759962367499743 0.0015308477502290311 0.00984687923268228 0.14910462566918342 0.9973380725525357 0.4164250266660991 0.002359639410820582 DSCT 0.57 1.0 0.1491019190646202
1353 zg 1809111300042487 5.0020593 59.3302403 3 nan nan nan nan nan nan nan nan nan nan nan nan
1355 zg 806103100029971 4.9867871 59.2951427 98 17.476552963256836 1.3861039845053784 0.004921324287421247 0.006788720883296799 0.1336139578561944 0.9973174179514279 0.20271650237954 0.025643127539318727 NonVar 0.41 1.0 0.04165256826243703
1352 zg 1809111300037098 4.9972814 59.326645 1 nan nan nan nan nan nan nan nan nan nan nan nan
1355 zg 1809111300028764 4.9867267 59.2951768 15 13.899676322937012 2.706917325242009 0.00036741679829044836 0.00017886865571515234 0.21298481337567918 2800.0 0.895580267651872 0.40710465403657514 CEPH_Other 0.34 1.0 0.6771955605567193
1357 zg 806103100019339 5.1434511 59.3293554 4 nan nan nan nan nan nan nan nan nan nan nan nan
1357 zg 1809111300004235 5.1437327 59.3291771 0 nan nan nan nan nan nan nan nan nan nan nan nan
1352 zg 806103100019375 4.997295 59.3267353 12 5.740664005279541 0.65017145887743 0.8004013054849821 0.0015418384444547753 0.18019055567910938 0.9972694752346971 0.9098103629812402 0.04265124881174523 DSCT 0.27 1.0 0.13549748502132627
1360 zg 1809111300006231 5.0484205 59.2610548 0 nan nan nan nan nan nan nan nan nan nan nan nan
3101 zg 1809111300042559 4.9881316 59.3159833 0 nan nan nan nan nan nan nan nan nan nan nan nan
1350 zg 1809111300005359 4.9894437 59.2896746 1 nan nan nan nan nan nan nan nan nan nan nan nan
1359 zg 1809111300003750 5.0359331 59.3444546 0 nan nan nan nan nan nan nan nan nan nan nan nan
1363 zg 1809111300045735 5.1197813 59.3412267 0 nan nan nan nan nan nan nan nan nan nan nan nan
1362 zg 1809111300028300 5.0086975 59.3345722 6 nan nan nan nan nan nan nan nan nan nan nan nan
1364 zg 806103400000045 5.0950071 59.2608608 196 312.03546142578125 2.0023811296561136 1.1000706239074288e-17 1.783775539869844e-10 335.38255043419394 0.9999897311965724 0.23478606596121515 0.08841471469812348 LPV_OSARG_RGB 0.33 0.0 342.91894965000034
1364 zg 1809111300006258 5.0950262 59.2608459 66 1480.265625 24.57159744863259 1.782180626162458e-308 0.2364044006795498 341.51591945928 2800.0 0.20891863230987034 0.9479556784117243 RRL_ab 0.37 1.0 0.5000875619999948
1363 zg 806103100029446 5.1195853 59.341355 1 nan nan nan nan nan nan nan nan nan nan nan nan
1362 zg 806103100019137 5.0087377 59.3346665 54 22.65446662902832 2.6713069290686735 3.1520519829873726e-11 0.0038415461193388937 0.12214428892794266 0.9973174179514279 0.33450014231208797 0.008456274169509535 DSCT 0.62 1.0 0.09305973175062335
1366 zg 806103100019502 4.9918009 59.3216542 346 204.70733642578125 3.498040773116313 8.193285192646298e-123 0.00012121431909490197 0.49996958290811677 0.999978193396444 0.0758967719023091 0.12891997328650612 NonVar 0.58 1.0 0.3324481106341934
1366 zg 1809111300004370 4.9917884 59.3216476 63 144.01710510253906 3.6226532593552103 3.7069177823166946e-21 0.0034659374789128947 0.11347665332175073 2800.0 0.32569784104907173 0.10686316895836745 NonVar 0.57 1.0 0.03741270135463664
1367 zg 806103100018788 5.0643326 59.3483779 16 13.893169403076172 2.7110068644098035 0.0003596171862266835 0.00047572942838716454 0.13157012464674145 0.9998441321239243 0.8719130731961168 0.05141500219150289 DSCT 0.6 1.0 0.12553589073626775
1353 zg 806103100029550 5.0016415 59.3304207 6 nan nan nan nan nan nan nan nan nan nan nan nan
1369 zg 806103400000001 5.1175851 59.2656984 166 163.04718017578125 1.7745015300725913 9.350696739702044e-11 3.6240047616747916e-07 335.38255043419394 0.9999897311965724 0.20626668171760565 0.11511034084790649 LPV_OSARG_AGB 0.39 1.0 342.91894965000034
1369 zg 1809111300006112 5.1176158 59.2656913 66 471.6107482910156 8.028196875327088 7.705536949901355e-77 0.11142084942570966 1.0003894305950465 2800.0 0.2297013711317799 0.8329873964039034 NonVar 0.53 1.0 0.030472572383625728
3102 zg 1809111300045780 5.1519382 59.3223417 0 nan nan nan nan nan nan nan nan nan nan nan nan
1370 zg 1809111300028177 5.0853579 59.3481205 0 nan nan nan nan nan nan nan nan nan nan nan nan
3103 zg 806103100042571 5.097035 59.3468178 1 nan nan nan nan nan nan nan nan nan nan nan nan
1373 zg 1809111300005625 5.1499131 59.2832659 28 19.286802291870117 2.1064364018856585 0.00054882918005951 6.393628500540764e-05 0.2969897143123399 2800.0 0.7061154731355501 0.07728028816832588 RRL_c 0.53 1.0 0.296958089840597
1375 zg 1809111300005585 4.9952744 59.2822064 25 12.05473804473877 1.1858397938927832 0.23781812268509425 0.023296001753026777 0.1454315840698382 2800.0 0.5656455099458993 0.23677479146034028 DSCT 0.76 1.0 0.04788662849127404
1374 zg 806103100029616 5.14896 59.3255902 114 22.6335506439209 1.9102314601641381 1.5084319380970095e-09 0.012382712003198865 0.24461623702606913 0.9973134321781223 0.16376868362093386 0.033221902374558146 DSCT 0.7 1.0 0.05898292603372632
1367 zg 1809111300042423 5.06433 59.348564 1 nan nan nan nan nan nan nan nan nan nan nan nan
1374 zg 1809111300028426 5.1490556 59.3255411 16 12.015121459960938 1.5832947174411574 0.06417067478141421 0.0005082335853141445 0.210765110284636 2800.0 0.855634151332155 0.32366682439816435 CEPH_F 0.25 1.0 0.9845395927813194
3104 zg 806103100048053 5.1552507 59.3185664 0 nan nan nan nan nan nan nan nan nan nan nan nan
1379 zg 1809111300042428 5.0876675 59.3480974 2 nan nan nan nan nan nan nan nan nan nan nan nan
3105 zg 806103100045027 5.0530203 59.3477501 1 nan nan nan nan nan nan nan nan nan nan nan nan
1371 zg 1809111300037648 5.0521097 59.2601244 0 nan nan nan nan nan nan nan nan nan nan nan nan
3106 zg 1809111300028486 4.9881173 59.3174772 0 nan nan nan nan nan nan nan nan nan nan nan nan
3107 zg 806103400044192 5.0263671 59.2654374 0 nan nan nan nan nan nan nan nan nan nan nan nan
1380 zg 1809111300006238 5.0461471 59.2608973 1 nan nan nan nan nan nan nan nan nan nan nan nan
1381 zg 806103100019884 5.15939 59.3100447 44 18.292917251586914 1.9658812464520747 8.632759606863584e-05 0.004873568579326185 0.49507980495365694 0.9973045649331247 0.4038686184979504 0.09630291201700994 RRL_d 0.38 1.0 0.3667292083834105
1379 zg 806103100018800 5.0875642 59.3482135 13 16.2042236328125 3.9557038364185386 7.449335253178835e-07 0.001293684856849098 0.18956756002598904 1.0000654967231302 0.8687696446372298 0.1851030089952485 DSCT 0.49 1.0 0.1895723136942516
1382 zg 1809111300028279 5.0118996 59.3368314 65 128.63851928710938 2.8154321681646186 1.6406450100460442e-13 0.014823363078535162 0.13369410052928465 2800.0 0.28494252872245346 0.02594539900638897 NonVar 0.54 1.0 0.033193750559453485
1382 zg 806103100029485 5.0118922 59.3368391 355 302.47076416015625 4.330172512276991 7.805171500263366e-186 0.00045795995790523026 94.66437263142413 0.9999897311965724 0.0690432050197305 0.02988887457192879 LPV_SRV_AGB_O 0.42 1.0 95.69831153023264
1384 zg 806103100042746 5.1587007 59.2952969 59 16.213638305664062 1.4662422379908477 0.00810403946736579 0.001353671327761197 0.5085873674698695 0.9972917233862935 0.33986779281701435 0.07777947086034123 DSCT 0.77 1.0 0.17547114038180497
1384 zg 1809111300037407 5.1587132 59.2952733 8 nan nan nan nan nan nan nan nan nan nan nan nan
3108 zg 1809111300047824 5.0094559 59.3356712 1 nan nan nan nan nan nan nan nan nan nan nan nan
3109 zg 1809111300042504 4.9967858 59.3274623 0 nan nan nan nan nan nan nan nan nan nan nan nan
1380 zg 806103400041967 5.0461571 59.2607909 16 21.33399200439453 5.417820829442075 4.093464970285719e-11 0.00034025822368381715 0.10963868255308586 0.49933676398108573 0.8838849352067873 0.617941875839751 DSCT 0.61 1.0 0.05104584369575044
1383 zg 1809111300004657 5.1573637 59.3156604 0 nan nan nan nan nan nan nan nan nan nan nan nan
1387 zg 1809111300042570 4.985564 59.3130153 0 nan nan nan nan nan nan nan nan nan nan nan nan
1381 zg 1809111300004820 5.159634 59.3099695 5 nan nan nan nan nan nan nan nan nan nan nan nan
1385 zg 1809111300028272 5.1262082 59.3395599 5 nan nan nan nan nan nan nan nan nan nan nan nan
1389 zg 1809111300004994 4.9838474 59.3010377 66 1468.212158203125 15.397910644287869 8.183868025913301e-178 0.39023331663604877 341.51591945928 2800.0 0.1932389356540605 0.9479556784117246 NonVar 0.49 1.0 0.9959069513513412
1385 zg 806103100035942 5.1262234 59.3395818 48 31.019142150878906 6.101324362964426 6.95245706966254e-42 8.950638514835956e-05 1.0321347593215449 0.9972988566750587 0.45271021483244384 0.4330278807419177 DSCT 0.43 1.0 0.09541193690503393
1390 zg 806103100019188 5.1375649 59.3342429 353 446.14154052734375 2.457729282763714 5.1415526722586244e-58 3.4132462137702295e-06 0.9972295944229287 0.999978193396444 0.08856631362764596 0.9035741608690728 NonVar 0.42 1.0 0.9944666853570567
1390 zg 1809111300004086 5.1375833 59.3342333 66 1160.228271484375 18.356989000863948 1.346868880177307e-219 0.7477189332478452 341.51591945928 2800.0 0.16596157036978917 0.9479556784117247 NonVar 0.68 1.0 0.04234825869045775
1389 zg 806103100020079 4.9838203 59.3010522 328 712.2330322265625 2.6227627906469224 7.520060921833146e-64 1.8340322282745744e-07 96.46135723063314 0.999978193396444 0.10660027775237453 0.05006673716931693 NonVar 0.26 0.0 96.18574289302325
1391 zg 806103400029813 5.0365421 59.2625388 181 543.6199951171875 5.5360087725395735 1.6089441886663742e-136 2.2967677546942382e-05 0.9972271074781732 0.9999897311965724 0.15881185066215647 0.8845183036999842 LPV_OSARG_AGB 0.31 1.0 316.5405689076926
1391 zg 1809111300029170 5.0365776 59.2625289 66 530.5675659179688 9.58128115316984 1.5141874707127923e-97 0.6611133174330805 341.51591945928 2800.0 0.1726609432324052 0.9479556784117248 NonVar 0.5 1.0 0.03829154379785566
1393 zg 806103100019488 5.1514221 59.3239384 177 24.83738136291504 2.112045760618338 4.78824369409065e-19 5.134292711290516e-06 1.0351230981703234 1.0000162681013443 0.17361610231608587 0.19673158556459414 EB_ED 0.25 1.0 29.48542877906973
1393 zg 1809111300004379 5.1515095 59.3239477 21 16.34662437438965 2.8796275761298213 7.038159793960513e-06 0.0001955363325590209 0.4910082480395922 2800.0 0.7674031807252618 0.27946137461246323 DSCT 0.65 1.0 0.11596713371882948
1397 zg 806103400000081 5.0863026 59.259224 193 66.27717590332031 2.2837694549342578 2.468452273183038e-23 0.019874585877441953 0.11873626894304282 0.9999897311965724 0.10469760561973601 0.00704094660974646 NonVar 0.6 1.0 0.07281430080687977
1397 zg 1809111300029212 5.0863315 59.2592085 61 30.018617630004883 1.3375166529283082 0.03920280581793188 0.13481844606566942 0.802846799668089 2800.0 0.24467206163033625 0.020802808467421857 NonVar 0.31 1.0 0.03181724587243486
1398 zg 806103100035893 5.1034343 59.3462428 52 18.280113220214844 2.2199276399159413 8.268725725498557e-07 0.00045454250093511934 0.3365255398112953 0.9972934741677675 0.42728728351327766 0.24937592469283507 DSCT 0.67 1.0 0.05282892466030972
3110 zg 1809111300053498 4.9839688 59.2984915 0 nan nan nan nan nan nan nan nan nan nan nan nan
1398 zg 1809111300045715 5.1033854 59.3463096 5 nan nan nan nan nan nan nan nan nan nan nan nan
1401 zg 1809111300005300 4.9868233 59.2912288 2 nan nan nan nan nan nan nan nan nan nan nan nan
1386 zg 1809111300028922 4.9923764 59.2839054 0 nan nan nan nan nan nan nan nan nan nan nan nan
3111 zg 806103100042719 4.9841594 59.2973268 0 nan nan nan nan nan nan nan nan nan nan nan nan
1396 zg 806103100045256 4.9887568 59.2881157 0 nan nan nan nan nan nan nan nan nan nan nan nan
1406 zg 806103100029539 5.0018859 59.3317689 0 nan nan nan nan nan nan nan nan nan nan nan nan
1403 zg 1809111300037617 5.122178 59.2663855 1 nan nan nan nan nan nan nan nan nan nan nan nan
1404 zg 806103100029366 5.0953525 59.3477154 3 nan nan nan nan nan nan nan nan nan nan nan nan
1409 zg 806103100048028 5.0595495 59.3488558 13 17.236114501953125 4.680546591044195 1.117129152043256e-07 0.005793198337861729 0.10131289185441436 0.9972866417729348 0.881670229746551 0.502785404090674 RRL_e 0.29 1.0 0.28455385825290674
3112 zg 806103400035837 5.0821503 59.2587498 3 nan nan nan nan nan nan nan nan nan nan nan nan
1410 zg 806103100029428 5.0222195 59.3415349 18 10.031876564025879 0.8852340528733855 0.6114282415812397 0.022362141568421957 0.2573975901891215 1.0000243748155928 0.6314630210167252 0.0006462747853595679 EB_ESD 0.38 1.0 0.16984306246920305
3113 zg 806103400041946 5.0318937 59.2633443 1 nan nan nan nan nan nan nan nan nan nan nan nan
1404 zg 1809111300036963 5.0956831 59.3477129 1 nan nan nan nan nan nan nan nan nan nan nan nan
1407 zg 1809111300037076 4.9991768 59.3300473 0 nan nan nan nan nan nan nan nan nan nan nan nan
