t_zg_0109.ecsv
# %ECSV 1.0
# ---
# datatype:
# - {name: SourceID, datatype: int32}
# - {name: filter, datatype: string}
# - {name: OID, datatype: string}
# - {name: RA, datatype: float64}
# - {name: DEC, datatype: float64}
# - {name: numobs, datatype: int32}
# - {name: DELTA_SIG_MAG, datatype: float64}
# - {name: CONST_CHI2, datatype: float64}
# - {name: sf, datatype: float64}
# - {name: rmse, datatype: float64}
# - {name: LNP_SIG, datatype: float64}
# - {name: period, datatype: float64}
# - {name: period_c, datatype: float64}
# - {name: power, datatype: float64}
# - {name: power_c, datatype: float64}
# - {name: mean, datatype: float64}
# - {name: std, datatype: float64}
# - {name: min, datatype: float64}
# - {name: max, datatype: float64}
# - {name: sigma_mean, datatype: float64}
# - {name: sigma_std, datatype: float64}
# - {name: gaussian1_err, datatype: float64}
# - {name: gaussian2_err, datatype: float64}
# - {name: gumbel_err, datatype: float64}
# - {name: g2_flag, datatype: float64}
# - {name: Pg1g2, datatype: float64}
# - {name: Pgug2, datatype: float64}
# - {name: Pg1gu, datatype: float64}
# - {name: shape, datatype: string}
# - {name: upsilon_class, datatype: string}
# - {name: upsilon_prob, datatype: float64}
# - {name: upsilon_flag, datatype: float64}
# - {name: upsilon_period, datatype: float64}
# - {name: identifier, datatype: string}
# - {name: dist, datatype: float64}
# - {name: type, datatype: string}
# - {name: Gaia_count, datatype: int32}
# - {name: Gmag, datatype: float64}
# - {name: RFG, datatype: float64}
# - {name: Plx, datatype: float64}
# - {name: e_Plx, datatype: float64}
# - {name: var, datatype: string}
# schema: astropy-2.0
SourceID filter OID RA DEC numobs DELTA_SIG_MAG CONST_CHI2 sf rmse LNP_SIG period period_c power power_c mean std min max sigma_mean sigma_std gaussian1_err gaussian2_err gumbel_err g2_flag Pg1g2 Pgug2 Pg1gu shape upsilon_class upsilon_prob upsilon_flag upsilon_period identifier dist type Gaia_count Gmag RFG Plx e_Plx var
[from data line 30]
43 zg 1809111300037279 5.0824168 59.3077396 41 15.208139419555664 1.1968296190727064 0.9792271132856092 0.1494688093662262 0.23393180844591108 0.13545875586612716 2800.0 0.3225864596690304 0.2406550036366326 20.416732788085938 0.1494688093662262 20.10306167602539 20.722768783569336 -0.0928686335682869 1.0928945541381836 0.17359062628057778 0.18406545824736728 0.24882414388894816 0.0 0.5277536629152799 0.28326115425336895 0.6766873337174196 g1 DSCT 0.55 1.0 0.0343239129710607 "" nan "" 1 19.530897 321.836 -0.4347 0.2812 N
47 zg 806103100029927 5.0818709 59.2995035 325 108.4857406616211 1.2796667327741709 0.9999999433843998 0.03939572721719742 0.011619708505897145 0.2325472365526287 1.0000143393856216 0.07272965505629937 0.005221874304620162 18.28749656677246 0.03939572721719742 18.15765380859375 18.42544937133789 -0.02199506387114525 1.1301509141921997 0.07907292830399455 0.11250823858097798 0.7965619819506193 1.0 0.8205882601151376 0.011880174237947183 0.9965624233859899 g1 EB_ED 0.52 1.0 0.23254985900025632 "" nan "" 1 17.208445 1374.97 0.5357 0.0736 N
47 zg 1809111300037356 5.0818993 59.2994883 65 66.72312927246094 1.1107208112543558 0.9985060079009708 0.037634775042533875 0.08214143230285645 0.3343549617524766 2800.0 0.25159467490383325 0.23301703710749974 18.263824462890625 0.037634775042533875 18.185138702392578 18.359683990478516 -0.02164628729224205 1.0464372634887695 8.314434613759444 9.209513952722418 10.205978521697762 0.0 0.5664874756755682 0.4021712351001995 0.603131672023711 g1 DSCT 0.61 1.0 0.060545906239459754 "" nan "" 1 17.208445 1374.97 0.5357 0.0736 N
48 zg 806103100048061 5.0696753 59.310551 42 31.379552841186523 3.826511080841693 0.0003868333594730508 0.22189907729625702 0.005537442085912361 0.678597517237246 0.9972241788336761 0.4422139304698259 0.0005953931696507162 20.563793182373047 0.22189907729625702 19.89342498779297 20.942089080810547 -0.21152903139591217 1.9759795665740967 0.06763487052442466 0.024500896181123527 0.09258578036217797 0.0 0.07456407231942797 0.04064822225103937 0.6554528578979111 g2 RRL_d 0.32 1.0 0.4038386130382646 "" nan "" 0 0.0 0.0 0.0 0.0 N
44 zg 806103100036198 5.0598002 59.3064705 104 25.032480239868164 2.584345396778671 0.024074212440324923 0.260050505399704 0.004078732055766926 0.26719690010290514 1.0000423459019012 0.217712815840652 0.025266168728020462 21.208574295043945 0.260050505399704 20.316295623779297 21.748809814453125 -0.14629590511322021 1.622204303741455 0.027780543451929363 0.01523850834432191 0.01726330736098222 0.0 0.16366750586519108 0.3871361766895116 0.27271169947902096 gu RRL_c 0.44 1.0 0.3323871195820365 "" nan "" 1 21.0396 54.6742 nan nan N
55 zg 806103100036162 5.0724243 59.3110593 337 524.6041259765625 11.53433716011322 3.585358205401398e-226 0.09109293669462204 6.624513205261614e-05 0.9972441069114794 1.0000143393856216 0.09943739652561774 0.904815666787983 17.759519577026367 0.09109293669462204 17.35228729248047 18.282495498657227 -0.11940788477659225 3.39772629737854 0.021082675533131933 0.0009674376856350767 0.058600720395744474 1.0 0.0012778740354683071 0.0001663393556028403 0.8995923437308072 g1 RRL_ab 0.53 1.0 0.4986132790810157 "[BGR2000] Br 1" 0.179192 HII 2 20.936609 21.5516 nan nan V
55 zg 1809111300028565 5.07245 59.3110868 66 392.635986328125 14.967355206033764 8.396331195386733e-66 0.09816054254770279 0.001972449838350469 0.22232818693454928 2800.0 0.33767960153347515 0.09093510017475841 17.740047454833984 0.09816054254770279 17.36347198486328 17.94055938720703 -0.16121967136859894 3.8505306243896484 0.379122196310376 0.1487498025445291 0.17974030374835914 1.0 0.0868797174594248 0.34586527658886057 0.1729739946754486 gu DSCT 0.5 1.0 0.05968903932818899 "[BGR2000] Br 1" 0.179192 HII 2 20.936609 21.5516 nan nan V
56 zg 806103100029856 5.0862436 59.3045272 309 61.085147857666016 3.4623099247260845 1.8886564677419793e-14 0.1502600759267807 5.4482071537416684e-30 0.9965867884597146 1.0000143393856216 0.3883192529178018 0.014216191609205953 19.677518844604492 0.1502600759267807 19.24025535583496 20.21525764465332 -0.18144537508487701 1.8833640813827515 0.08045109434852815 0.005376393563223007 0.05891360003595823 0.0 0.0026992241873167178 0.005009378445266943 0.34568562723139695 g2 EB_ESD 0.43 1.0 0.9964597978471003 "" nan "" 1 18.044952 463.443 -0.1818 0.1085 V
56 zg 1809111300028651 5.0862779 59.3045454 64 40.976219177246094 2.4410023151087366 0.11214936088224967 0.13474364578723907 7.244435638115293e-05 0.9982498653961865 2800.0 0.4148656477729582 0.632938763765042 19.582691192626953 0.13474364578723907 19.3287353515625 20.028165817260742 -0.14461694657802582 1.5687817335128784 0.4634845320652529 0.2428647432075235 0.3624433586398853 0.0 0.1502512884529772 0.23680750263798178 0.37693269043736666 gu EB_ED 0.9 1.0 0.9987483406561952 "" nan "" 1 18.044952 463.443 -0.1818 0.1085 N
60 zg 806103100040273 5.0656362 59.2972213 285 45.052947998046875 1.537294571213825 0.9986345709533732 0.10966534167528152 0.08394913933481023 0.17761998099602536 1.0000143393856216 0.06818168079183794 0.0026519095884109736 19.930124282836914 0.10966534167528152 19.466875076293945 20.300384521484375 -0.08451827615499496 1.2469388246536255 0.02749128287928509 0.023454973719396872 0.16176341876676376 1.0 0.36485454858898614 0.012510450577391086 0.9838507307361087 g1 NonVar 0.64 1.0 0.0330857069900434 "" nan "" 1 18.704285 695.002 0.8084 0.1552 N
60 zg 1809111300037378 5.0656431 59.2971926 56 32.25940704345703 2.088966029154578 0.38465160482244465 0.14398813247680664 0.030939376177604255 0.15678641248353767 2800.0 0.31271879100453875 0.029323123627631124 19.8759822845459 0.14398813247680664 19.526002883911133 20.267292022705078 -0.13787581026554108 1.4520447254180908 0.5048703253643357 0.4808524215423089 0.47130155910039484 0.0 0.4411418329032285 0.49524665085972386 0.46500699572170057 gu DSCT 0.57 1.0 0.03881694854600388 "" nan "" 1 18.704285 695.002 0.8084 0.1552 N
61 zg 806103100040276 5.067418 59.2966828 127 34.537837982177734 2.9826919894988544 0.0002645315332656795 0.2247643619775772 3.7800404304745114e-06 1.0321732994604866 1.0000110121384305 0.269655655474641 0.17275268370836522 20.80208396911621 0.2247643619775772 19.886661529541016 21.27700424194336 -0.16201622784137726 1.7484934329986572 0.06429252948295217 0.027821371972721838 0.09577891675859604 0.0 0.10470883703559108 0.04870495303435052 0.694010862155763 g1 CEPH_Other 0.55 1.0 1.0322700696219942 "" nan "" 2 19.862377 194.461 1.8337 0.6264 N
61 zg 1809111300042664 5.067473 59.2966488 15 13.316123962402344 1.3295706010789117 0.8108960576869506 0.18107299506664276 0.04263363261093376 0.10109222043491486 2800.0 0.7602083559250822 0.044869790029799385 20.748355865478516 0.18107299506664276 20.361892700195312 21.104045867919922 -0.08877792209386826 1.1249828338623047 0.7245220710440872 1.05251352670931 0.7658626004478458 1.0 0.8427886418545942 0.7833392435193404 0.5282357491085341 g1 DSCT 0.85 1.0 0.0917882213012186 "" nan "" 2 19.862377 194.461 1.8337 0.6264 N
62 zg 1809111300045862 5.062226 59.2981108 47 33.86620330810547 2.8182422843417103 0.034998755024085976 0.17993596196174622 0.008965605918045511 1.4999946890813616 2800.0 0.3958056671470606 0.12742080118817573 20.094270706176758 0.17993596196174622 19.531476974487305 20.47988510131836 -0.1884048879146576 1.6955374479293823 0.28928062078275435 0.3630330066899944 0.3215198190236877 0.0 0.6876985607120818 0.5841439208096899 0.5536385255163945 g1 DSCT 0.83 1.0 0.05930980446439857 "" nan "" 1 19.008509 496.928 0.0656 0.2032 N
62 zg 806103100045182 5.0621142 59.2981 260 43.242408752441406 3.151897575172214 7.090268433266282e-09 0.17136166989803314 0.0004929425776710827 0.10066765037466299 1.0000143393856216 0.1115494947844231 0.006906196772473298 20.116044998168945 0.17136166989803314 19.540489196777344 20.555198669433594 -0.18267293274402618 1.8031915426254272 0.04276290089432524 0.04131147802692917 0.06416423431075396 1.0 0.45190441078166455 0.22012802638563989 0.6971861760557084 g1 DSCT 0.73 1.0 0.10066769496648764 "" nan "" 1 19.008509 496.928 0.0656 0.2032 V
64 zg 1809111300051793 5.073989 59.2961351 60 63.34159851074219 2.505923192798354 0.09128647783115912 0.105064757168293 0.014491214601579337 1.073560591579294 2800.0 0.3142916629791496 0.045148132794068464 19.319801330566406 0.105064757168293 18.981979370117188 19.63128662109375 -0.10785365104675293 1.5812519788742065 0.18935118180751384 0.05238519968192676 0.35665645939082363 1.0 0.044312812738773966 0.01283261380454992 0.7887122036589986 g1 NonVar 0.51 1.0 0.032297201559220064 "[LL2015] 27" 0.093106 Cl* 1 19.330332 299.472 -0.1533 0.2676 N
64 zg 806103100036296 5.0739942 59.2961028 290 73.2710189819336 2.2487785665212363 0.07016164726812953 0.08901745080947876 0.009377811287272109 1.1208516923992322 1.0000143393856216 0.08198845949596589 0.0031394207101193283 19.31361961364746 0.08901745080947876 18.971237182617188 19.54676055908203 -0.08123435825109482 1.5041085481643677 0.15343381148818752 0.024712034219262803 0.5193606289999764 1.0 0.01538585454349417 0.001373503010794197 0.9349527995996819 g1 NonVar 0.61 1.0 0.03472474430273151 "[LL2015] 27" 0.093106 Cl* 1 19.330332 299.472 -0.1533 0.2676 N
65 zg 806103100036298 5.0716676 59.2959871 323 180.38575744628906 2.3903606784131353 0.008766969482691123 0.05626729875802994 0.006817916967848058 0.498677966393514 1.0000143393856216 0.0763288859758506 0.29643947663384607 18.483705520629883 0.05626729875802994 18.136560440063477 18.644912719726562 -0.043811507523059845 1.545723557472229 0.025973630255681116 0.021485294815545567 0.3526499775896464 1.0 0.3455818128180126 0.002246037232786602 0.9986264288683777 g1 NonVar 0.57 1.0 0.08179397709494185 "[LL2015] 24" 0.015656 Cl* 1 18.55501 252.42 0.6544 0.5078 N
65 zg 1809111300028778 5.0716763 59.2959663 64 101.88280487060547 2.27550960688812 0.21213514861126379 0.05773281306028366 0.022111561876899707 0.11344355661597501 2800.0 0.2891265327744174 0.12007914307467003 18.46512794494629 0.05773281306028366 18.24521255493164 18.557262420654297 -0.04848229140043259 1.4991358518600464 0.354322339483153 0.16779318310352956 0.842952203331387 1.0 0.12420914003406835 0.02331838403986153 0.862243389114939 g1 NonVar 0.58 1.0 0.03424419597945673 "[LL2015] 24" 0.015656 Cl* 1 18.55501 252.42 0.6544 0.5078 N
68 zg 1809111300037246 5.0645656 59.3110777 16 13.345843315124512 2.1548253016534797 0.3714205400538086 0.2377769947052002 0.026859868424913398 0.10418688290755761 2800.0 0.7526826436973869 0.14614364434460356 21.02936363220215 0.2377769947052002 20.475309371948242 21.34999656677246 -0.13035020232200623 1.4420459270477295 1.1914472579363518 1.498738298371378 0.8731053426881985 0.0 0.6901195476105639 0.9934722842519846 0.3460178149519857 gu DSCT 0.56 1.0 0.045632596134561984 "" nan "" 0 0.0 0.0 0.0 0.0 N
68 zg 806103100036160 5.0642367 59.3111206 88 17.329315185546875 1.3644329985805257 0.9901753573203305 0.18720780313014984 0.05748443944181227 0.13548347626495608 0.9973380725525357 0.1982726976861085 0.04896192269372303 21.127485275268555 0.18720780313014984 20.55790901184082 21.530765533447266 -0.07817540317773819 1.1700018644332886 0.17972898057412748 0.281058555925502 0.15198150310156885 1.0 0.9187669603511048 1.0 0.4152904019526713 gu DSCT 0.88 1.0 0.06241112955915335 "" nan "" 0 0.0 0.0 0.0 0.0 N
70 zg 806103100029812 5.0853413 59.3086646 129 29.865890502929688 1.786504281275905 0.803769286202519 0.19357430934906006 0.00023231323905197344 0.9973760179928055 0.9973760179928055 0.21443663168633317 0.951961832582667 20.941753387451172 0.19357430934906006 20.08575439453125 21.53314208984375 -0.09998089075088501 1.3444862365722656 0.014628981517902161 0.0019506492264846106 0.02538366948527418 1.0 0.010605121018743668 0.0035621868913885413 0.7578280923676759 g1 DSCT 0.79 1.0 0.0780797367794682 "" nan "" 0 0.0 0.0 0.0 0.0 N
71 zg 806103100029884 5.0882194 59.303007 294 43.99010467529297 1.6880002562812588 0.976274260962638 0.11793636530637741 0.006674806337398572 0.1404158782179328 1.0000143393856216 0.08328543979650826 0.0066214431459393885 19.90245246887207 0.11793636530637741 19.496055603027344 20.370574951171875 -0.09710978716611862 1.3079922199249268 0.06252669561327165 0.010218922469233439 0.06459376198452317 1.0 0.015834920257596474 0.014853491102728156 0.5165593538810738 g1 DSCT 0.5 1.0 0.14041683434355942 "" nan "" 1 18.823948 575.059 0.0689 0.1735 N
70 zg 1809111300028601 5.0854801 59.3086094 19 13.292623519897461 1.7094270158375635 0.6353950195307352 0.21430633962154388 0.007234261154192225 0.11727109509515021 2800.0 0.7311851153081544 0.21936519635021173 20.84923553466797 0.21430633962154388 20.41737937927246 21.21817970275879 -0.11364823579788208 1.2884286642074585 0.643570525676941 1.0162482737479261 0.689496262770822 0.0 0.9281623671313964 0.8581616282972379 0.5350570042661159 g1 DSCT 0.79 1.0 0.11727399064729752 "" nan "" 0 0.0 0.0 0.0 0.0 N
71 zg 1809111300037321 5.0882677 59.3030051 60 30.793819427490234 1.8222136662467294 0.6685903371941189 0.13692019879817963 0.13613204648247096 0.15032315542167812 2800.0 0.2541853439572946 0.09838363559943207 19.863025665283203 0.13692019879817963 19.56267547607422 20.305248260498047 -0.12366490066051483 1.354985237121582 0.20790294171317228 0.17403822892355525 0.16530125575973767 1.0 0.3528995537089352 0.5216560207272658 0.38498179013862366 gu EB_ED 0.64 1.0 0.1503215430595798 "" nan "" 1 18.823948 575.059 0.0689 0.1735 N
73 zg 806103100048650 5.0758587 59.2958026 97 64.1142578125 8.935053528431245 1.364237212874404e-43 0.23146717250347137 1.5286033678611772e-06 1.0323211002809742 0.9972896868175051 0.35458712707540346 0.17918306600135617 20.327228546142578 0.23146717250347137 19.153165817260742 20.794662475585938 -0.3369257152080536 3.0768370628356934 0.009533430482035768 0.01393656832479377 0.05977027922886222 0.0 0.8494752978458127 0.031768959029891186 0.986429830676151 g1 CEPH_Other 0.49 1.0 2.150138196410262 "[HL90]  46" 1.931646 HII 2 20.611589 89.1981 -2.2708 1.232 P
75 zg 1809111300045863 5.0612092 59.2976509 27 23.294349670410156 4.150346710567716 0.0010286730772509785 0.2493601143360138 0.0009584094618399429 13.95806059782774 2800.0 0.6533730741732517 0.22574983619736108 20.326940536499023 0.2493601143360138 19.85593605041504 20.709993362426758 -0.29869282245635986 2.0715560913085938 0.2732145372212377 0.13257492888132266 0.27608749139645666 1.0 0.13005150149796885 0.12751167607283853 0.5053273067138576 g1 DSCT 0.63 1.0 0.038974248854918916 "" nan "" 3 19.916737 200.191 -0.4367 0.5395 N
73 zg 1809111300053024 5.0756741 59.2957057 19 16.696256637573242 1.5697347255351841 0.7207352647824851 0.1573619544506073 0.0013944895300564742 0.13485031059995917 2800.0 0.7870986756487587 0.20519508240479836 20.345008850097656 0.1573619544506073 20.01482391357422 20.637582778930664 -0.1152704656124115 1.2368863821029663 2.676223883949171 3.4445548636261396 2.8338038985994345 0.0 0.7138682176484541 0.6553600470759664 0.5291106201535377 g1 DSCT 0.59 1.0 0.03481458077779705 "[HL90]  46" 1.931646 HII 2 20.611589 89.1981 -2.2708 1.232 N
