t_zg_0109.ecsv
# %ECSV 1.0
# ---
# datatype:
# - {name: SourceID, datatype: int32}
# - {name: filter, datatype: string}
# - {name: OID, datatype: string}
# - {name: RA, datatype: float64}
# - {name: DEC, datatype: float64}
# - {name: numobs, datatype: int32}
# - {name: DELTA_SIG_MAG, datatype: float64}
# - {name: CONST_CHI2, datatype: float64}
# - {name: sf, datatype: float64}
# - {name: rmse, datatype: float64}
# - {name: LNP_SIG, datatype: float64}
# - {name: period, datatype: float64}
# - {name: period_c, datatype: float64}
# - {name: power, datatype: float64}
# - {name: power_c, datatype: float64}
# - {name: mean, datatype: float64}
# - {name: std, datatype: float64}
# - {name: min, datatype: float64}
# - {name: max, datatype: float64}
# - {name: sigma_mean, datatype: float64}
# - {name: sigma_std, datatype: float64}
# - {name: gaussian1_err, datatype: float64}
# - {name: gaussian2_err, datatype: float64}
# - {name: gumbel_err, datatype: float64}
# - {name: g2_flag, datatype: float64}
# - {name: Pg1g2, datatype: float64}
# - {name: Pgug2, datatype: float64}
# - {name: Pg1gu, datatype: float64}
# - {name: shape, datatype: string}
# - {name: upsilon_class, datatype: string}
# - {name: upsilon_prob, datatype: float64}
# - {name: upsilon_flag, datatype: float64}
# - {name: upsilon_period, datatype: float64}
# - {name: identifier, datatype: string}
# - {name: dist, datatype: float64}
# - {name: type, datatype: string}
# - {name: Gaia_count, datatype: int32}
# - {name: Gmag, datatype: float64}
# - {name: RFG, datatype: float64}
# - {name: Plx, datatype: float64}
# - {name: e_Plx, datatype: float64}
# - {name: var, datatype: string}
# schema: astropy-2.0
SourceID filter OID RA DEC numobs DELTA_SIG_MAG CONST_CHI2 sf rmse LNP_SIG period period_c power power_c mean std min max sigma_mean sigma_std gaussian1_err gaussian2_err gumbel_err g2_flag Pg1g2 Pgug2 Pg1gu shape upsilon_class upsilon_prob upsilon_flag upsilon_period identifier dist type Gaia_count Gmag RFG Plx e_Plx var
[from data line 710]
1140 zg 806103100018934 5.0841396 59.3429393 352 63.13639831542969 1.4250205679562646 0.9999892600722675 0.07194606959819794 0.06171808369229828 0.4372687572190009 1.0000143393856216 0.05859137803477566 0.004238004311513336 19.276569366455078 0.07194606959819794 19.001649856567383 19.473861694335938 -0.05330294743180275 1.1956969499588013 0.08753581978534922 0.03368983187285572 0.3064471900220247 1.0 0.08373863343609966 0.0072428327865663444 0.9398185060136395 g1 NonVar 0.62 1.0 0.04799319655701453 "" nan "" 1 18.14872 986.153 0.5577 0.1123 N
1144 zg 1809111300005779 5.017308 59.2758506 26 20.612356185913086 2.2507374793393593 0.30171155201788263 0.20587173104286194 0.007289162807195324 0.17526187253132489 2800.0 0.6009952026497646 0.3310632574034746 20.76981544494629 0.20587173104286194 20.07278060913086 21.098949432373047 -0.1343778669834137 1.4951927661895752 0.07503878583889725 0.09048055267641486 0.07737813273377749 0.0 0.6473446434645611 0.6172962896854105 0.5156306234104304 g1 DSCT 0.6 1.0 0.05885590113821865 "" nan "" 1 19.316107 492.846 0.4123 0.242 N
1146 zg 806103100035988 5.1231853 59.3337005 61 12.902949333190918 1.5822284571147434 0.8817713325794214 0.23713456094264984 0.009636374768622271 0.19020300940007204 0.9972934741677675 0.31525571494815713 0.013218522538286391 21.485095977783203 0.23713456094264984 21.02290916442871 22.01738739013672 -0.09467492252588272 1.2585549354553223 0.08649853082144786 0.11968499623835047 0.12353898937109854 1.0 0.7906320028077054 0.45407859187613375 0.6750398001178703 g1 DSCT 0.65 1.0 0.046041349817247855 "" nan "" 1 20.02305 277.612 0.9457 0.4477 N
1149 zg 1809111300003907 5.1057117 59.3396332 63 52.59233093261719 1.5014769501704608 0.9281623093751363 0.06279024481773376 0.03616297404099569 0.16761975638613602 2800.0 0.2796699343333201 0.01621032328202428 18.88484001159668 0.06279024481773376 18.743000030517578 19.032352447509766 -0.048060834407806396 1.2184479236602783 1.4955557973921205 1.8274806306283657 1.5671655504521016 1.0 0.6606367151634951 0.6146371164561266 0.5238049323332791 g1 DSCT 0.77 1.0 0.1676137387598738 "" nan "" 1 17.329489 1349.89 1.4482 0.0746 N
1149 zg 806103100019015 5.1056972 59.339641 352 84.66126251220703 1.4366313228605625 0.9999839378439692 0.058849185705184937 0.03350770057367545 0.10965190931884927 1.0000143393856216 0.06196721095765308 0.007666070438634408 18.92242431640625 0.058849185705184937 18.7102108001709 19.138078689575195 -0.04151869937777519 1.1990824937820435 0.06415876896732994 0.0353465819735088 0.21006060828611944 1.0 0.16500094943981658 0.01676923873208358 0.9298245685003756 g1 EB_ED 0.54 1.0 0.05613580109155715 "" nan "" 1 17.329489 1349.89 1.4482 0.0746 N
1155 zg 1809111300004784 4.9945699 59.3081586 56 34.29694366455078 2.228935985777664 0.26049379885095375 0.14483343064785004 6.265847009815789e-05 0.121102284367224 2800.0 0.4629768084905095 0.20869082536476885 19.876056671142578 0.14483343064785004 19.498477935791016 20.311763763427734 -0.14125743508338928 1.5003042221069336 0.07851144799524312 0.0502275284107538 0.22843556404237303 1.0 0.21756909976021055 0.02832886553110603 0.9089163254238308 g1 DSCT 0.88 1.0 0.06540756603138946 "" nan "" 1 18.826496 604.011 0.4593 0.1733 N
1155 zg 806103100019885 4.9945501 59.3081655 301 43.11406326293945 1.663626510252732 0.985195707721641 0.11571988463401794 2.9941364925560612e-05 29.56515587332356 1.0000143393856216 0.11502511067479373 0.025689212270259366 19.91083526611328 0.11571988463401794 19.491077423095703 20.28261947631836 -0.09421432763338089 1.2983094453811646 0.08060533426895566 0.009583208307509947 0.26623735596599774 1.0 0.008455506533570967 0.0007877883077553882 0.9312095157161888 g1 NonVar 0.41 1.0 29.646307188235294 "" nan "" 1 18.826496 604.011 0.4593 0.1733 N
1158 zg 1809111300048033 5.0936255 59.2655174 10 14.644343376159668 4.465917736511337 0.017325341638406565 0.39340683817863464 0.0004492084425478097 0.11440575905800762 0.14765594276278077 0.9813484107205358 0.00625792782830535 21.2446231842041 0.39340683817863464 20.580015182495117 21.77269744873047 -0.2843621075153351 2.0666513442993164 0.6125824227326706 0.6446650401758608 0.598627267479085 0.0 0.5212637443357333 0.5412773466968728 0.4882654241048616 gu DSCT 0.46 1.0 0.10263214252773376 "" nan "" 1 20.401245 199.374 0.001 0.5753 N
1175 zg 806103100040203 5.1483334 59.3138418 341 169.7715301513672 1.3732449206347586 0.9999980894385067 0.029692139476537704 0.008994774321380372 0.4275740418800451 1.0000143393856216 0.07124084268801628 0.0011451219895972555 17.556495666503906 0.029692139476537704 17.422910690307617 17.640594482421875 -0.012490873225033283 1.1703616380691528 0.11788819993987397 0.05643478270913041 1.4990755942531482 1.0 0.12677267641338608 0.0008614570450750092 0.9983150828562831 g1 NonVar 0.65 1.0 0.427590969061086 "LGGS J002035.63+591849.8" 0.212981 Star 1 16.574368 2023.84 0.5198 0.0452 N
1175 zg 1809111300037237 5.1483515 59.3138281 66 89.06175994873047 1.1277604136159332 0.9982548144832725 0.026499586179852486 0.10757972020625066 0.13553426594255652 2800.0 0.24096314860083534 0.017397553344383202 17.53560447692871 0.026499586179852486 17.476703643798828 17.589527130126953 -0.011851172894239426 1.054084300994873 14.37243054917469 12.544747253869547 18.100034931260886 1.0 0.3796416548806284 0.25180702132023813 0.6156505684839495 g1 DSCT 0.63 1.0 0.03030636914486041 "LGGS J002035.63+591849.8" 0.212981 Star 1 16.574368 2023.84 0.5198 0.0452 N
1180 zg 806103100019597 5.1445084 59.3199795 204 23.135828018188477 1.434109182698035 0.9992443226835332 0.16159343719482422 0.00024383469933270685 1.0350184442479506 1.0000110121384305 0.1439534102064695 0.13956073976768651 20.690593719482422 0.16159343719482422 20.149290084838867 21.040565490722656 -0.08581538498401642 1.204694151878357 0.09771157508753316 0.12752811111271528 0.12895827421121073 1.0 0.7284593964772165 0.47007584591211293 0.6382094324642653 g1 NonVar 0.6 1.0 0.0454453282826857 "" nan "" 1 18.978653 568.344 0.487 0.1966 N
1180 zg 1809111300004509 5.1446269 59.3199556 37 23.70821762084961 2.6400361486149935 0.09478627793326919 0.23254819214344025 0.008115993706421026 0.10221067792306086 2800.0 0.47674560438862107 0.24982773868781552 20.604055404663086 0.23254819214344025 19.9705753326416 21.136186599731445 -0.18160998821258545 1.637186884880066 0.15580581724305995 0.17666260880888063 0.1853660536528125 1.0 0.5880551932463258 0.44162978333978176 0.5877038367858098 g1 DSCT 0.59 1.0 0.03813081167512682 "" nan "" 1 18.978653 568.344 0.487 0.1966 N
1182 zg 1809111300004421 5.1421046 59.3227525 13 18.9748592376709 4.0744565192395905 0.017673506807011873 0.28238794207572937 0.00024050149880426873 0.12620263010738605 2800.0 0.9436070362535842 0.4474876841704903 21.091482162475586 0.28238794207572937 20.2412109375 21.42572784423828 -0.215987429022789 1.9914727210998535 0.9288858740816723 1.5568339884191857 0.860613278711362 0.0 0.9788226506354666 1.0 0.46118601241866775 gu EB_ED 0.26 1.0 1.2826054453257902 "" nan "" 1 20.123003 251.66 0.1562 0.4683 N
1182 zg 806103100019520 5.1421218 59.3227438 110 19.059898376464844 1.7964411323958112 0.7716184327093374 0.2191227376461029 5.635842172663234e-06 29.447495953900567 0.9972474654408493 0.2961279147982922 0.28932708108201943 21.21587371826172 0.2191227376461029 20.57782554626465 21.763347625732422 -0.10206501185894012 1.347169041633606 0.10516553621370962 0.14087352432601224 0.122101975562281 1.0 0.7559840707623983 0.6044359744590089 0.5755571113730186 g1 DSCT 0.5 1.0 0.05343507315721441 "" nan "" 1 20.123003 251.66 0.1562 0.4683 N
1183 zg 806103100035989 5.1257093 59.33364 76 24.054962158203125 2.4549004672734345 0.0854408083579326 0.26198288798332214 0.016930925267786053 0.2040486896302015 0.9973590471353544 0.24716837104844822 0.07772231549019741 21.299785614013672 0.26198288798332214 20.404571533203125 21.93510627746582 -0.13843567669391632 1.5771924257278442 0.01676597491212437 0.017859454263789567 0.024329088202018505 1.0 0.531731693028604 0.2793732715273163 0.6822502065103833 g1 DSCT 0.57 1.0 0.0657708876849191 "" nan "" 2 20.758802 58.4237 -3.0813 1.6586 N
1185 zg 806103100042680 5.1495766 59.312303 167 23.895002365112305 1.6709059540606233 0.942094461320065 0.18493536114692688 0.0007987032044114186 29.46757972577043 1.0000175167475613 0.15885766918402044 0.24678030399831097 20.839813232421875 0.18493536114692688 20.230133056640625 21.3211727142334 -0.09751101583242416 1.3009512424468994 0.026639708214314013 0.028093494385128252 0.056557528316465155 1.0 0.5230536718854343 0.13590712473278244 0.8290764025024719 g1 NonVar 0.64 1.0 0.03167411385873957 "" nan "" 1 19.94355 285.832 0.6936 0.3925 N
1184 zg 1809111300005652 5.1389351 59.2821858 12 5.4501848220825195 0.5174785249483982 0.992606944071214 0.14140604436397552 0.021202354838984905 0.12642258725297048 2800.0 0.8739756724192755 0.6335548925590826 21.303295135498047 0.14140604436397552 21.068384170532227 21.534847259521484 -0.03371785953640938 0.6912224292755127 9.858319662898841 16.71460175170373 9.84409639258998 1.0 0.9865103607051583 0.9873985085939622 0.49926467404619257 gu DSCT 0.58 1.0 0.03203892645523044 "" nan "" 1 20.480749 192.953 0.0144 0.5885 N
1185 zg 1809111300037248 5.1497096 59.3123203 26 13.040669441223145 1.4350979302939302 0.8449808237604307 0.1819944977760315 0.01794163370054533 31.83653073573843 2800.0 0.5703686698525943 0.20675544531103415 20.760072708129883 0.1819944977760315 20.350238800048828 21.056819915771484 -0.09490592777729034 1.1874462366104126 1.038534505391351 1.2700609543951877 0.8739792693796123 0.0 0.6614544217951612 0.8431500259634173 0.41289789741503724 gu DSCT 0.61 1.0 0.05425513175383144 "" nan "" 1 19.94355 285.832 0.6936 0.3925 N
1189 zg 806103400020610 5.0789165 59.2634306 180 129.08895874023438 1.1596498511656423 0.9999990168408898 0.025516726076602936 2.8583845839767073e-07 0.49858120002307554 0.4993376374822702 0.22299596801843471 0.06586209849204051 17.29230308532715 0.025516726076602936 17.21759033203125 17.363819122314453 -0.00861206091940403 1.0740588903427124 0.2699565407752958 0.40581974037846175 2.3061191864045725 0.0 0.878853713441131 0.0183115518331165 0.994385514871866 g1 RRL_ab 0.68 1.0 0.49856051805708107 "" nan "" 1 16.473402 2236.87 0.2027 0.0452 N
1189 zg 1809111300006163 5.0789496 59.2634178 66 155.3974151611328 0.9811760624560327 0.9998205887112123 0.022316325455904007 0.5949825553422688 0.11011939287319703 2800.0 0.1850611674287133 0.017233301914019866 17.27338409423828 0.022316325455904007 17.19751739501953 17.358123779296875 -0.008316355757415295 0.9831156730651855 0.6536777293036984 0.5113177257020008 3.3836752441037943 1.0 0.31301206452840535 0.013571555113747302 0.9772335103959358 g1 NonVar 0.64 1.0 0.0764659880733937 "" nan "" 1 16.473402 2236.87 0.2027 0.0452 N
1191 zg 806103400020609 5.0649222 59.2633157 180 105.38375854492188 1.7164068496097378 0.917898733499563 0.05695664882659912 7.527800695414078e-06 333.4203659481394 0.4993376374822702 0.1946536230160765 0.07664876755849134 18.695524215698242 0.05695664882659912 18.52239990234375 18.9654541015625 -0.040940459817647934 1.3084871768951416 0.11286644188935648 0.01806580335705602 0.702506400430206 1.0 0.01519916862635684 0.00040290317793778563 0.9861553144137115 g1 LPV_SRV_AGB_O 0.36 1.0 324.4204513928578 "" nan "" 1 17.406708 1019.75 0.8824 0.0853 N
1191 zg 1809111300006158 5.0649431 59.2633061 64 59.56074905395508 1.5796334882342877 0.88755922876775 0.05587540939450264 0.019477496703176327 0.5805568733219723 2800.0 0.29228720055215784 0.051576068903685456 18.680299758911133 0.05587540939450264 18.548166275024414 18.797927856445312 -0.041791051626205444 1.2491317987442017 1.2300042950961563 0.32408443045354435 2.3463322650310863 0.0 0.04030654396347755 0.011368524077563391 0.7932493225567745 g2 RRL_ab 0.5 1.0 0.3669405591194931 "" nan "" 1 17.406708 1019.75 0.8824 0.0853 N
1192 zg 806103400020606 5.0916545 59.2643716 176 113.65351104736328 1.2867591617287322 0.9999410424250247 0.030475540086627007 5.910027604631147e-09 333.4203659481394 1.000014139092549 0.2620970946544377 0.08144693305803906 17.661922454833984 0.030475540086627007 17.571949005126953 17.737491607666016 -0.012906943447887897 1.1314210891723633 1.5515737411108055 1.2946741240388895 3.686161588675631 1.0 0.35091240914534894 0.07026622512614733 0.8618696158893742 g1 LPV_OSARG_RGB 0.76 1.0 349.3758707307699 "" nan "" 1 16.929167 1976.35 0.1059 0.059 N
1192 zg 1809111300006135 5.0916879 59.264363 66 128.86936950683594 1.0408897385583853 0.9995114995388112 0.027372708544135094 0.019388861660724524 0.6908990541784589 2800.0 0.2848508266713314 0.002611428439305389 17.645763397216797 0.027372708544135094 17.593948364257812 17.781455993652344 -0.012530934065580368 1.0127073526382446 5.1716505338923415 1.4588231234481133 2.433664596734345 0.0 0.04601387378186983 0.19299048250680773 0.17062945244044514 gu EB_ED 0.91 1.0 0.6907968296003876 "" nan "" 1 16.929167 1976.35 0.1059 0.059 N
1197 zg 1809111300004327 5.0019225 59.3235412 66 142.5914306640625 1.0378265724560631 0.999534731762388 0.018115079030394554 0.013300922641141391 0.10330481866202437 2800.0 0.29386947219139137 0.0072083843346741104 16.53089714050293 0.018115079030394554 16.496444702148438 16.58837890625 -0.00480965431779623 1.011024832725525 9.385160400561874 11.772242424997225 16.889847024976138 1.0 0.6872043993560564 0.25439897437402537 0.7718715871619612 g1 DSCT 0.32 1.0 0.09360553336452875 "" nan "" 1 15.698907 3044.47 1.1995 0.0289 N
1194 zg 806103100040065 5.0792017 59.3445777 10 10.135611534118652 1.6259538604639618 0.6041735556519842 0.23810775578022003 0.03496970222322419 0.10663823204142661 0.12687607634060286 0.9155589082614681 0.0031132169460587004 21.62055015563965 0.23810775578022003 21.227127075195312 22.06438636779785 -0.08834923803806305 1.2195539474487305 2.569927335811731 2.3700861646979425 1.2265224403972699 0.0 0.4175312320093346 1.0 0.1750860418595025 gu DSCT 0.53 1.0 0.06746468701591542 "" nan "" 0 0.0 0.0 0.0 0.0 N
1197 zg 806103100019454 5.0019095 59.3235503 348 210.76217651367188 1.2460982511746834 0.9999999965321954 0.021491143852472305 0.04348907185208683 0.2493694142002316 1.0000143393856216 0.06107352308415611 0.004801928585811069 16.54651641845703 0.021491143852472305 16.478958129882812 16.63648223876953 -0.00474878866225481 1.1147361993789673 0.29937053435754785 0.04212729351028549 3.0718771162299316 1.0 0.01179364865176924 0.00011484365484260017 0.996748338896631 g1 NonVar 0.57 1.0 0.04774816834182492 "" nan "" 1 15.698907 3044.47 1.1995 0.0289 N
1201 zg 806103100019705 5.1483358 59.3166656 30 27.789566040039062 5.182596607172525 4.1546131186535795e-06 0.31761789321899414 6.695588845341545e-05 0.5079239955811142 1.0000164069242894 0.6800807543621846 0.7279577065057774 21.599790573120117 0.31761789321899414 20.270978927612305 22.10550308227539 -0.22116194665431976 2.293130874633789 0.025091987494362453 0.037344379149445175 0.009559656568793753 0.0 0.8683977880130846 1.0 0.11312748740198397 gu DSCT 0.46 1.0 0.12610423302996357 "" nan "" 1 20.383404 192.504 -0.0324 0.5844 V
1208 zg 1809111300006173 5.0839722 59.2632543 57 36.40584945678711 2.2926661455866872 0.21133559723236667 0.1587858349084854 0.13485311513674625 0.48906609296789516 2800.0 0.26471031225345765 0.07408184489487313 19.975589752197266 0.1587858349084854 19.471073150634766 20.403873443603516 -0.15515956282615662 1.5251084566116333 0.11851872700678857 0.07387809779973355 0.22068832745334915 1.0 0.20742877136194604 0.06406640187384838 0.7845429845196763 g1 DSCT 0.43 1.0 0.03924124018720359 "" nan "" 1 18.857403 592.363 0.37 0.1869 N
