t_zg_0518.ecsv
# %ECSV 1.0
# ---
# datatype:
# - {name: SourceID, datatype: int32}
# - {name: filter, datatype: string}
# - {name: OID, datatype: string}
# - {name: RA, datatype: float64}
# - {name: DEC, datatype: float64}
# - {name: numobs, datatype: int32}
# - {name: DELTA_SIG_MAG, datatype: float64}
# - {name: CONST_CHI2, datatype: float64}
# - {name: LNP_SIG, datatype: float64}
# - {name: period, datatype: float64}
# - {name: period_c, datatype: float64}
# - {name: power, datatype: float64}
# - {name: power_c, datatype: float64}
# - {name: upsilon_class, datatype: string}
# - {name: upsilon_prob, datatype: float64}
# - {name: upsilon_flag, datatype: float64}
# - {name: upsilon_period, datatype: float64}
# schema: astropy-2.0
SourceID filter OID RA DEC numobs DELTA_SIG_MAG CONST_CHI2 LNP_SIG period period_c power power_c upsilon_class upsilon_prob upsilon_flag upsilon_period
[from data line 472]
332 zg 1809111300037470 5.0635108 59.2851892 2 nan nan nan nan nan nan nan nan nan nan nan
336 zg 1809111300049985 5.0443203 59.31692 4 nan nan nan nan nan nan nan nan nan nan nan
328 zg 806103100045103 5.0595509 59.3220739 4 nan nan nan nan nan nan nan nan nan nan nan
338 zg 1809111300045813 5.1071566 59.3111537 0 nan nan nan nan nan nan nan nan nan nan nan
341 zg 806103100019522 5.0862008 59.3218894 2 nan nan nan nan nan nan nan nan nan nan nan
8001 zg 806103100049273 5.0539062 59.2868601 5 nan nan nan nan nan nan nan nan nan nan nan
8002 zg 1809111300028902 5.0573124 59.2860115 1 nan nan nan nan nan nan nan nan nan nan nan
335 zg 1809111300042709 5.0935089 59.2878501 30 42.531822204589844 6.743682339651432 0.00023662678486544746 0.9973791707588409 0.9973791707588409 0.6588490599557794 0.995441140851045 DSCT 0.55 1.0 0.07710782118620262
343 zg 806103100045232 5.0437599 59.2909234 55 11.042662620544434 1.3434388314898862 0.00566433128509387 0.15320912847493434 0.997349021402554 0.3562305709739433 0.03260689315338789 DSCT 0.7 1.0 0.10522628274389192
344 zg 1809111300004517 5.0462375 59.3181489 55 22.290218353271484 0.9851674239591928 0.008943127378232704 1.1757540526983565 0.9973726905723661 0.34924964093274663 0.05747309901623293 EB_ESD 0.33 1.0 1.1756886428211466
338 zg 806103100040212 5.1074442 59.3110669 0 nan nan nan nan nan nan nan nan nan nan nan
343 zg 1809111300047959 5.0438214 59.2908688 8 nan nan nan nan nan nan nan nan nan nan nan
8003 zg 806103100048950 5.0522625 59.2872939 6 nan nan nan nan nan nan nan nan nan nan nan
344 zg 806103100019622 5.046213 59.3181673 372 61.840721130371094 1.898652806480712 0.013473569833900838 0.25579348035804783 0.9999348120575894 0.061688060692708276 0.0005212266813620827 NonVar 0.74 1.0 0.03373660019240187
347 zg 1809111300037457 5.0549777 59.2864999 2 nan nan nan nan nan nan nan nan nan nan nan
341 zg 1809111300004419 5.0867017 59.3218637 0 nan nan nan nan nan nan nan nan nan nan nan
335 zg 806103100048673 5.0933475 59.287722 152 55.98319625854492 5.806142876142922 4.040662126788395e-06 1.0025948555135133 1.000027972827582 0.22791945266895228 0.12233014325877095 DSCT 0.8 1.0 0.0813660514071823
348 zg 1809111300042532 5.0802213 59.322919 64 38.070011138916016 1.7264178098470528 0.2587804510667301 0.9624116433766314 0.9973726905723661 0.2211470466610257 0.05643191960384168 DSCT 0.36 1.0 0.05330003325339673
348 zg 806103100019494 5.0801759 59.3229286 382 63.65206527709961 1.8827185014934638 0.02225026964585134 0.2520973851209091 0.9999541023165953 0.057889359444435066 0.0025911959113713886 EB_ED 0.39 1.0 0.2520939788290954
8004 zg 1809111300053339 5.0726922 59.2844105 4 nan nan nan nan nan nan nan nan nan nan nan
342 zg 1809111300045850 5.1099921 59.3014051 17 13.269845008850098 1.724957798148694 0.016248793045172683 0.10312253366767235 0.9973025237642968 0.7520351057290549 0.02130336833297279 CEPH_Other 0.26 1.0 0.966751795204998
350 zg 806103100040257 5.1097344 59.3002791 289 38.492557525634766 1.6900509847301919 0.038916947450469946 0.12645425911425184 0.9999465188185945 0.07106879713408504 0.009591387048268188 NonVar 0.67 1.0 0.03671762951883697
339 zg 806103100045134 5.0384527 59.3132952 6 nan nan nan nan nan nan nan nan nan nan nan
350 zg 1809111300037353 5.1098313 59.3002705 45 16.7960205078125 1.0878185553070365 0.004973515086975564 0.49340257660438297 0.9973717276003407 0.42563968556539794 0.00167008947769714 RRL_ab 0.49 1.0 0.49339105687103546
354 zg 1809111300028829 5.1039557 59.2927904 50 24.285655975341797 1.6026607031836322 0.00033001106966870853 0.1667923183615897 0.9973717276003407 0.46347462300012016 0.19097908832283908 DSCT 0.65 1.0 0.2002923500786724
354 zg 806103100042760 5.1039883 59.2927874 288 46.43913269042969 2.2431930804549634 2.534113482801041e-07 1.0007365809845428 0.9999541023165953 0.14326489009221716 0.022102414405566873 EB_ESD 0.41 1.0 1.0006829065727707
355 zg 1809111300028878 5.0957621 59.2882442 39 33.2370719909668 3.4424530503842883 0.004834545417348909 0.5879780775762896 0.997469258443099 0.47285002600260645 0.004331700082342551 RRL_ab 0.68 1.0 0.5880750396739072
355 zg 806103100049270 5.0958488 59.2882754 257 73.4192886352539 5.494530297080649 5.281555648213747e-07 0.9973028034377411 0.9999541023165953 0.1558269989987024 0.9453641991176902 NonVar 0.61 1.0 0.037368081189430344
8005 zg 806103100029803 5.1092195 59.3096426 1 nan nan nan nan nan nan nan nan nan nan nan
8006 zg 806103100049497 5.1091222 59.2979341 3 nan nan nan nan nan nan nan nan nan nan nan
8007 zg 1809111300028509 5.0408859 59.31589 0 nan nan nan nan nan nan nan nan nan nan nan
358 zg 1809111300037172 5.0500258 59.320361 4 nan nan nan nan nan nan nan nan nan nan nan
358 zg 806103100036085 5.0501183 59.320425 46 17.52558135986328 1.9021096517729632 0.008947941693993348 0.11480756221258377 0.9972879236644409 0.36759310628221364 0.045075762309535486 DSCT 0.88 1.0 0.0521084304040106
361 zg 806103100042727 5.0361375 59.2959775 0 nan nan nan nan nan nan nan nan nan nan nan
360 zg 1809111300037480 5.0743246 59.2839219 24 14.117899894714355 1.91430390719885 0.0020505180600396055 0.7648709104101249 0.9973942195810187 0.6785759268728117 0.01937709960345717 T2CEPH 0.37 1.0 0.7647570268683236
362 zg 1809111300047919 5.1110538 59.3059571 4 nan nan nan nan nan nan nan nan nan nan nan
364 zg 806103100040297 5.0380081 59.2939563 31 17.754478454589844 2.126649364885296 0.027690630835125456 0.2652877748311301 0.9972345619260329 0.47410276334916773 0.01926372507110074 DSCT 0.7 1.0 0.06876681324033826
365 zg 806103100029988 5.107281 59.2950005 371 132.22206115722656 2.673708644779105 7.011362271786854e-09 0.49930993123085715 0.9999469712346448 0.1260607044599265 0.8359641944683652 EB_ED 0.99 1.0 1.002753855782136
8008 zg 1809111300042649 5.1100814 59.2987594 1 nan nan nan nan nan nan nan nan nan nan nan
365 zg 1809111300005232 5.1073034 59.2949773 65 113.21936798095703 3.2454993746602216 0.0014913234608778367 0.13782301870938637 0.9973726905723661 0.3439429824829111 0.08747965560116887 EB_ESD 0.42 1.0 0.1210865767554467
361 zg 1809111300005140 5.0358637 59.2960653 0 nan nan nan nan nan nan nan nan nan nan nan
8009 zg 1809111300045823 5.1096517 59.3099378 0 nan nan nan nan nan nan nan nan nan nan nan
364 zg 1809111300037399 5.0378674 59.293902 6 nan nan nan nan nan nan nan nan nan nan nan
370 zg 1809111300047978 5.0881208 59.2854574 1 nan nan nan nan nan nan nan nan nan nan nan
362 zg 806103100042696 5.1114141 59.3060025 11 4.421886920928955 0.3292792645467083 0.01331885845909612 0.10615088686464101 1.0000945842525695 0.9122120655702063 0.022414454893883332 DSCT 0.67 1.0 0.03975002073200934
371 zg 1809111300050087 5.0622625 59.2843201 0 nan nan nan nan nan nan nan nan nan nan nan
372 zg 1809111300037482 5.071506 59.2836798 25 17.470149993896484 1.7991574110524695 0.056869490498553464 0.1002134289367146 0.9973678483746728 0.5389504816578776 0.11430197757509881 DSCT 0.68 1.0 0.06766023245828205
374 zg 806103100029716 5.1028825 59.316752 1 nan nan nan nan nan nan nan nan nan nan nan
375 zg 1809111300004414 5.0517199 59.3213436 64 36.44352722167969 1.6690194717600406 0.2076445590727461 0.1317985266008321 0.9973726905723661 0.22795377614318485 0.02238979708422916 DSCT 0.64 1.0 0.04411888504631627
376 zg 1809111300028527 5.0371907 59.3136854 2 nan nan nan nan nan nan nan nan nan nan nan
375 zg 806103100040171 5.051715 59.3213713 384 59.55046844482422 2.064206991207636 0.00234671040456619 65.88916877846687 0.9999661926656115 0.06856309182418954 6.233976316904433e-05 NonVar 0.57 1.0 0.09250182883717586
378 zg 806103100047208 5.110934 59.2993353 12 11.2938871383667 1.6583006303655343 0.008514274708767818 0.11991587624327761 0.9972571407250165 0.8931647281812477 0.442139827985968 DSCT 0.82 1.0 0.06788479290245182
380 zg 1809111300004823 5.0328149 59.3077195 67 157.38626098632812 2.772224066024147 0.2226094406594208 0.15368843778896488 0.9973726905723661 0.21540902755089453 0.13102798039952404 NonVar 0.58 1.0 0.030327373754087752
380 zg 806103100019913 5.0327934 59.3077248 393 142.7111053466797 1.8504736369289325 0.00046591466706794016 0.11115352724313395 0.9999469712346448 0.07252307199403878 0.015662376581536006 NonVar 0.63 1.0 0.3320229433589739
8010 zg 1809111300042556 5.041678 59.3171634 0 nan nan nan nan nan nan nan nan nan nan nan
382 zg 1809111300028558 5.1083068 59.3125885 64 29.148250579833984 1.0982101757533445 0.19023303465034427 0.10651059823710239 0.9973726905723661 0.23016865159140698 0.09710185006644224 EB_ED 0.38 1.0 0.03590188127788282
376 zg 806103100040197 5.0371668 59.3138915 25 17.26679229736328 2.8190248935202753 0.006672377734329085 0.5272604782583881 0.997280401197166 0.62773959859448 0.0631156126021092 DSCT 0.88 1.0 0.06784349943973406
382 zg 806103100029765 5.1083193 59.3125958 364 57.45172119140625 2.2735129460841397 0.030856881193419335 1.0351941511876575 0.9999348120575894 0.058459682193988116 0.009799865707243513 DSCT 0.45 1.0 0.20474379345045376
381 zg 1809111300045838 5.1121234 59.3047092 10 12.020092010498047 1.8456427989670838 5.459190591736028e-06 0.10121390024110467 0.11828275879520898 0.9956153011898563 0.9900662449671729 DSCT 0.59 1.0 0.03492082978831555
384 zg 806103100048649 5.1097288 59.296881 247 31.00244140625 1.7442681609826542 0.03856669585737481 0.219188346919168 0.9972827555182714 0.08238483297609049 0.0018202817403720351 NonVar 0.81 1.0 0.032472405349762805
384 zg 1809111300028773 5.1098002 59.2968999 38 14.241150856018066 0.9452235448732985 0.03378767676903518 0.2809364311312753 0.9973307368133587 0.41840213747078553 0.1668933874539199 DSCT 0.74 1.0 0.0620504153039924
378 zg 1809111300050042 5.1112352 59.2993788 1 nan nan nan nan nan nan nan nan nan nan nan
373 zg 1809111300051766 5.0356427 59.3125066 0 nan nan nan nan nan nan nan nan nan nan nan
8011 zg 806103100048658 5.1050189 59.2921599 46 28.853471755981445 5.346150071075545 0.0004015391074506032 0.20013763757178019 0.9973691759799058 0.45415348766057767 0.02898118164111935 DSCT 0.9 1.0 0.06660561152319298
385 zg 806103100042793 5.0450165 59.2887307 74 23.867145538330078 1.9431976965146516 0.013386423386417061 27.475402729541706 0.9972942978961291 0.25365112350676294 0.237654741133799 DSCT 0.5 1.0 0.057118950027551525
385 zg 1809111300005422 5.04505 59.2887131 5 nan nan nan nan nan nan nan nan nan nan nan
381 zg 806103100036217 5.112324 59.3046599 74 17.81446075439453 2.1932181801054753 0.0016710626229216956 0.5086171743758054 0.997315022461747 0.3001532400082191 0.34592647723393233 DSCT 0.58 1.0 0.04198159942565407
368 zg 806103100045093 5.0756037 59.3243706 1 nan nan nan nan nan nan nan nan nan nan nan
379 zg 1809111300050046 5.1107033 59.2980188 3 nan nan nan nan nan nan nan nan nan nan nan
386 zg 1809111300005552 5.0598818 59.284273 12 10.486392974853516 1.2080873273555353 0.029529187052155858 0.14948267640272478 0.997350612702214 0.8579830995396928 0.04125683576696532 DSCT 0.71 1.0 0.09351862641897464
388 zg 806103100036229 5.1124128 59.3030517 5 nan nan nan nan nan nan nan nan nan nan nan
389 zg 806103100029626 5.0619382 59.3238396 0 nan nan nan nan nan nan nan nan nan nan nan
8012 zg 1809111300045899 5.0510992 59.2862385 0 nan nan nan nan nan nan nan nan nan nan nan
389 zg 1809111300051749 5.0620254 59.3239027 0 nan nan nan nan nan nan nan nan nan nan nan
377 zg 806103100042641 5.0542832 59.3224713 5 nan nan nan nan nan nan nan nan nan nan nan
391 zg 1809111300028947 5.0795953 59.2835598 4 nan nan nan nan nan nan nan nan nan nan nan
377 zg 1809111300037147 5.0543812 59.3225386 0 nan nan nan nan nan nan nan nan nan nan nan
390 zg 1809111300052419 5.0393072 59.3162185 2 nan nan nan nan nan nan nan nan nan nan nan
394 zg 1809111300037466 5.0537765 59.2853286 0 nan nan nan nan nan nan nan nan nan nan nan
393 zg 1809111300042698 5.1018131 59.2896868 39 49.48283767700195 11.186671386569751 1.0245796771180934e-07 337.45249746724954 0.9972780280476988 0.7111746876755418 0.9532187714076934 NonVar 0.47 1.0 0.062166903654440414
395 zg 806103100019737 5.1066789 59.314865 395 81.2730484008789 1.866298519502009 0.0018602722948157383 363.9222053722095 0.9999469712346448 0.06601487244213075 0.4595967093147915 NonVar 0.55 1.0 0.06093597548705875
395 zg 1809111300004655 5.1067315 59.3148588 66 43.72007369995117 1.1375035064593202 0.16656292497733918 0.4405040771796004 0.9973726905723661 0.22888730229563067 0.06479108728123874 NonVar 0.7 1.0 0.039951073457159564
397 zg 1809111300050090 5.0847016 59.2841014 10 8.958763122558594 1.619040262250405 0.008146270761334989 0.10318896914711638 0.9973495989455526 0.9476870839980623 0.09949215709586165 DSCT 0.53 1.0 0.03499149310557125
8013 zg 806103100047278 5.0976816 59.2876921 28 50.65407180786133 17.855200351719336 0.0015069893688757516 0.12414915052695374 0.9973651010211564 0.5764077328075937 0.04992656948744184 DSCT 0.55 1.0 0.11040378773768396
396 zg 1809111300053032 5.082404 59.2837446 4 nan nan nan nan nan nan nan nan nan nan nan
400 zg 1809111300053026 5.1060959 59.2922746 28 29.012537002563477 4.838947579964663 9.320911897621908e-06 0.10221291892934954 0.997307179358067 0.760928626918712 0.4035254324233507 NonVar 0.46 1.0 0.03224942815548561
399 zg 1809111300045839 5.113009 59.304165 1 nan nan nan nan nan nan nan nan nan nan nan
403 zg 1809111300004332 5.0789893 59.3245372 67 106.80054473876953 1.8424559136837597 0.23657693260543342 0.3741836262827108 0.9973726905723661 0.21364641516382596 0.00871530556394173 NonVar 0.63 1.0 0.03863491359986716
403 zg 806103100029619 5.0789522 59.3245511 408 201.77256774902344 2.4528809630449167 0.0009000281926373727 96.9362945660034 0.9999469712346448 0.06744612443584332 0.03215367046044551 LPV_OSARG_AGB 0.38 1.0 97.11671093249987
405 zg 1809111300037215 5.0372801 59.3151574 0 nan nan nan nan nan nan nan nan nan nan nan
405 zg 806103100029730 5.0370949 59.3150592 5 nan nan nan nan nan nan nan nan nan nan nan
404 zg 1809111300052801 5.0745087 59.2828406 1 nan nan nan nan nan nan nan nan nan nan nan
402 zg 1809111300028684 5.1133008 59.3020726 4 nan nan nan nan nan nan nan nan nan nan nan
408 zg 1809111300053585 5.0984312 59.2875459 8 nan nan nan nan nan nan nan nan nan nan nan
409 zg 1809111300004756 5.1113425 59.3110747 49 21.323915481567383 1.3824554126552258 0.041135010585031696 0.14988815081306758 0.9973726905723661 0.3366991540235711 0.049878949847179326 DSCT 0.5 1.0 0.04253737084877531
8014 zg 1809111300028436 5.0553594 59.3234343 0 nan nan nan nan nan nan nan nan nan nan nan
410 zg 806103100036138 5.1092433 59.3137127 357 59.10109329223633 1.667690320560835 0.008061136110501592 0.2013524966376598 0.9999469712346448 0.06655348088943136 0.03523550952673687 NonVar 0.62 1.0 0.04226002673215621
410 zg 1809111300037233 5.1092816 59.3136985 62 35.12113571166992 1.9017002748518255 0.07122918013546468 1.1390276910255857 0.9973726905723661 0.2650500684691356 0.03827658456205833 DSCT 0.47 1.0 0.03493625682634695
8015 zg 1809111300037467 5.0524661 59.2849722 0 nan nan nan nan nan nan nan nan nan nan nan
8016 zg 1809111300051799 5.1063157 59.2915231 5 nan nan nan nan nan nan nan nan nan nan nan
8017 zg 1809111300045792 5.039417 59.3174155 0 nan nan nan nan nan nan nan nan nan nan nan
412 zg 1809111300045801 5.0351813 59.3142043 2 nan nan nan nan nan nan nan nan nan nan nan
411 zg 806103100047204 5.1135909 59.3001518 5 nan nan nan nan nan nan nan nan nan nan nan
413 zg 1809111300045898 5.0976613 59.2867529 17 27.183639526367188 5.226128298410265 0.0007825747092684545 0.10971539276636129 0.9970029173247944 0.8443076452725861 0.4190969064016128 CEPH_Other 0.63 1.0 0.8881659073859505
8018 zg 1809111300052802 5.0770162 59.2824898 0 nan nan nan nan nan nan nan nan nan nan nan
8019 zg 1809111300053661 5.0793193 59.2826511 0 nan nan nan nan nan nan nan nan nan nan nan
416 zg 1809111300042739 5.0720152 59.2823191 17 14.755099296569824 2.363495798880389 0.0001640999582651936 0.14148272688377575 0.9973726905723661 0.8788061859167816 0.10076037685234139 DSCT 0.71 1.0 0.12390453708521244
