t_zg_0926.ecsv
# %ECSV 1.0
# ---
# datatype:
# - {name: SourceID, datatype: int32}
# - {name: filter, datatype: string}
# - {name: OID, datatype: string}
# - {name: RA, datatype: float64}
# - {name: DEC, datatype: float64}
# - {name: numobs, datatype: int32}
# - {name: DELTA_SIG_MAG, datatype: float64}
# - {name: CONST_CHI2, datatype: float64}
# - {name: sf, datatype: float64}
# - {name: rmse, datatype: float64}
# - {name: LNP_SIG, datatype: float64}
# - {name: period, datatype: float64}
# - {name: period_c, datatype: float64}
# - {name: power, datatype: float64}
# - {name: power_c, datatype: float64}
# - {name: mean, datatype: float64}
# - {name: std, datatype: float64}
# - {name: min, datatype: float64}
# - {name: max, datatype: float64}
# - {name: sigma_mean, datatype: float64}
# - {name: sigma_std, datatype: float64}
# - {name: gaussian1_err, datatype: float64}
# - {name: gaussian2_err, datatype: float64}
# - {name: lorentzian_err, datatype: float64}
# - {name: shape, datatype: string}
# - {name: upsilon_class, datatype: string}
# - {name: upsilon_prob, datatype: float64}
# - {name: upsilon_flag, datatype: float64}
# - {name: upsilon_period, datatype: float64}
# schema: astropy-2.0
SourceID filter OID RA DEC numobs DELTA_SIG_MAG CONST_CHI2 sf rmse LNP_SIG period period_c power power_c mean std min max sigma_mean sigma_std gaussian1_err gaussian2_err lorentzian_err shape upsilon_class upsilon_prob upsilon_flag upsilon_period
[from data line 1282]
2093 zg 806103100029750 4.9547955 59.3121298 110 17.033681869506836 1.4439087634538519 0.98829951951298 0.20102034509181976 0.003443050332579513 0.11172583021757941 0.997227022460971 0.20556979983877055 0.01628828334762436 21.184036254882812 0.20102034509181976 20.63751220703125 21.67722511291504 -0.08485127240419388 1.2057207822799683 0.2562864609160901 0.21290289279268948 0.3412551977590629 g2 DSCT 0.95 1.0 0.11172585287695688
2093 zg 1809111300004658 4.9547734 59.312143 19 17.001846313476562 3.4975391710065864 0.02532908315661292 0.29223042726516724 0.004510538219284191 0.12106803806376695 2800.0 0.7530719227934474 0.31846175281922795 20.98737335205078 0.29223042726516724 20.30898666381836 21.362091064453125 -0.2147497832775116 1.8654502630233765 3.223427588490506 3.4298120399565524 2.3378414638099763 l DSCT 0.78 1.0 0.08107704220460367
2087 zg 806103400000432 5.0545575 59.2440931 90 33.68384552001953 3.0504065976019943 0.0008837452227213302 0.22993288934230804 1.6213898002062354e-05 1.0351027816822227 0.9973600340314253 0.33106525708614365 0.401732119927903 21.185754776000977 0.22993288934230804 19.942291259765625 21.624832153320312 -0.14034581184387207 1.7635557651519775 0.2358321872871591 99999.0 0.5281383606523969 g1 RRL_c 0.32 1.0 0.24964925526536638
2097 zg 806103100029266 5.0119432 59.3561519 346 73.8141860961914 1.6729177224742497 0.9882503307699375 0.08142498135566711 0.02320413781661726 0.889315985021928 1.0000143393856216 0.06517688020215977 0.0017349625697384826 19.357006072998047 0.08142498135566711 19.015480041503906 19.67650604248047 -0.06562644243240356 1.2966943979263306 0.6740176997153561 0.1267051922425884 0.48631131902124763 g2 EB_ED 0.53 1.0 8.042349290425532
2097 zg 1809111300003363 5.0119609 59.356159 62 35.84272384643555 1.1168114636328434 0.9979510771748584 0.07306214421987534 0.08937682886691815 4.038779405700558 2800.0 0.25933448003605813 0.11531294961922953 19.32937240600586 0.07306214421987534 19.137197494506836 19.48176383972168 -0.05125599727034569 1.0519574880599976 11.523759797050845 3.4970987449889956 9.694698307293844 g2 DSCT 0.81 1.0 0.07615408569097654
2105 zg 1809111300003193 5.0990605 59.3630585 66 161.89105224609375 1.2459961686638403 0.9926589290538171 0.020846519619226456 0.08712278335488445 0.109793010858689 2800.0 0.24669126896823557 0.0666965178228918 16.7148494720459 0.020846519619226456 16.653274536132812 16.767837524414062 -0.006684495601803064 1.1078134775161743 32.73284784829501 6.909203020249063 20.719105486108912 g2 NonVar 0.67 1.0 0.09890134013278609
2105 zg 806103100018393 5.0990521 59.3630664 356 179.58970642089844 1.6398984640293381 0.9946570792671515 0.025673195719718933 0.00044473264874272543 0.33275708362617823 1.0000143393856216 0.08469050750061224 0.3751624915749073 16.74529266357422 0.025673195719718933 16.66939353942871 16.814647674560547 -0.0074523440562188625 1.278875470161438 5.008922522720373 5.008920366758488 15.275910437676485 g2 RRL_ab 0.45 1.0 0.49812046999780374
2107 zg 806103400048372 5.108252 59.246009 25 164.0328826904297 829.9024617309238 0.0 0.9458843469619751 1.9581749887451377e-11 0.10084321248132766 0.9972252184428033 0.9325807126389006 0.5502068898342609 20.281639099121094 0.9458843469619751 15.999013900756836 21.21930694580078 -8.603677749633789 46.376983642578125 0.017950487449991066 99999.0 0.054031993751921616 g1 DSCT 0.47 1.0 0.0587815500311852
2108 zg 806103400020659 4.994544 59.25776 65 31.84955596923828 4.615499904418647 6.998753284217009e-09 0.3129687011241913 2.4349245452925336e-05 1.0351195416231407 0.9973508584193344 0.41690642583944615 0.22835306450813572 21.1883544921875 0.3129687011241913 20.046491622924805 21.952177047729492 -0.23776203393936157 2.1845967769622803 0.3536415181617102 99999.0 0.07314543613116965 l RRL_c 0.43 1.0 0.3368275545077013
2109 zg 1809111300003471 5.000271 59.3524391 65 73.74398040771484 1.1696500062439046 0.9967805934184848 0.039764344692230225 0.05798591143850398 0.13275863604670143 2800.0 0.26076069978672867 0.019406395223651368 18.3253173828125 0.039764344692230225 18.22833251953125 18.43483543395996 -0.023774346336722374 1.0739433765411377 15.750370150281327 99999.0 17.308630047328407 g1 DSCT 0.47 1.0 0.04772315782011471
2109 zg 806103100018658 5.000238 59.352446 356 115.72447204589844 1.1922295363488729 0.999999999902094 0.03877649083733559 0.004744799203282651 0.2277894626199694 1.0000143393856216 0.07203809766346873 0.012613294415560472 18.336376190185547 0.03877649083733559 18.181488037109375 18.47936248779297 -0.021189669147133827 1.0910003185272217 2.9774143151699533 0.7053284973446943 3.56885896199221 g2 NonVar 0.51 1.0 0.22778511524129966
2110 zg 806103400000017 5.1609645 59.2633941 185 112.2309341430664 1.2390960648906162 0.9999904451980756 0.0338178426027298 3.074453688358948e-06 333.4203659481394 0.4993376374822702 0.19727424010409433 0.07133979012874679 17.963275909423828 0.0338178426027298 17.86809730529785 18.080345153808594 -0.016081809997558594 1.1105653047561646 10.326421511673132 2.183463498915999 24.066426857605762 g2 LPV_SRV_AGB_O 0.37 1.0 252.32701775000052
2110 zg 1809111300006212 5.1609983 59.2633863 66 120.7486572265625 1.2040931407181996 0.9954293631073726 0.03355987370014191 0.08515090672324074 0.2345508556361486 2800.0 0.2473683890592474 0.02673708597711127 17.947750091552734 0.03355987370014191 17.86199951171875 18.094615936279297 -0.018382657319307327 1.0894221067428589 21.582719200948553 6.325518657630796 30.327829953193444 g2 NonVar 0.31 1.0 0.05687198625563485
2108 zg 1809111300029210 4.9944627 59.2576846 14 6.942561149597168 0.8702873415108713 0.9577548427405538 0.17538997530937195 0.0029979372436514436 0.1412897590212495 2800.0 0.8686523734565922 0.4106233367281837 21.169326782226562 0.17538997530937195 20.881195068359375 21.41575050354004 -0.05738547816872597 0.9044911861419678 99999.0 99999.0 99999.0 nc DSCT 0.54 1.0 0.044698722918646246
2112 zg 806103400000248 5.012359 59.2511997 271 99.67111206054688 1.1750929402934251 0.9999999939861783 0.03227679803967476 1.5819518526738796e-06 707.227343596822 1.000014139092549 0.14556639481970454 0.05385823566179267 17.91692352294922 0.03227679803967476 17.82268714904785 18.00105857849121 -0.014723383821547031 1.0823523998260498 13.551848196907994 3.706196308374321 7.075199187755726 g2 LPV_OSARG_RGB 0.42 1.0 756.9810532500014
2112 zg 1809111300006497 5.0123962 59.2511853 66 79.43689727783203 0.9701016114625716 0.9998528660459092 0.02905968390405178 0.46032153276607657 0.229093953557707 2800.0 0.19583182676266103 0.04312724643139085 17.902545928955078 0.02905968390405178 17.823150634765625 17.962993621826172 -0.013856062665581703 0.977742075920105 64.14835366130103 251.2104058289864 26.113272886062575 l NonVar 0.73 1.0 0.08033996061736105
2117 zg 1809111300005525 4.9595244 59.2835332 64 80.38316345214844 2.085579995807447 0.3835983719504793 0.07691804319620132 0.025501206417932548 0.1378478978459867 2800.0 0.2851859450066915 0.050479047684123826 19.052499771118164 0.07691804319620132 18.707733154296875 19.21101188659668 -0.06810511648654938 1.4381647109985352 2.9275918951649866 29.542247065490578 3.4234385839942196 g1 NonVar 0.49 1.0 0.033427514946644366
2115 zg 1809111300042362 5.0675667 59.3648283 66 90.6649169921875 0.8632604761063357 0.9999827403689387 0.02090243250131607 0.17688996436550145 0.14421987217886367 2800.0 0.2270614296143527 0.0913950038277119 17.272706985473633 0.02090243250131607 17.230335235595703 17.323802947998047 -0.007394180167466402 0.9221397042274475 64.89158325594876 259.5410462304796 71.0307995473777 g1 NonVar 0.71 1.0 0.033603195910726795
2115 zg 806103100018331 5.0675605 59.364839 356 133.41551208496094 1.082073822211443 0.9999999999999538 0.024174591526389122 0.003725027499634254 0.33212845946194813 1.0000143393856216 0.07334432823300917 0.005915851305384688 17.287738800048828 0.024174591526389122 17.21851921081543 17.363624572753906 -0.007805881090462208 1.0388749837875366 5.028132321606291 2.8661086640382627 11.567411785324044 g2 NonVar 0.42 1.0 0.3321289448487955
2118 zg 806103100029990 5.1904975 59.2957714 318 147.49948120117188 1.1621650310485452 0.9999999998413901 0.025702575221657753 0.006021871962207351 0.1996848372149315 1.0000143393856216 0.07805250595491792 0.034777520788761576 17.359954833984375 0.025702575221657753 17.285446166992188 17.454336166381836 -0.008966295048594475 1.076480507850647 7.687394625016915 1.0388502880267207 6.8374232737291845 g2 EB_ED 0.78 1.0 0.19968677084745765
2118 zg 1809111300005252 5.1905088 59.2957511 66 135.48805236816406 1.1745558654086472 0.996800447215991 0.024740945547819138 0.0006597627630093905 0.15476939639981738 2800.0 0.36136713708817825 0.020604077121687207 17.3365478515625 0.024740945547819138 17.23941421508789 17.382980346679688 -0.010265061631798744 1.0756760835647583 4.840495132038321 204.53099842662942 13.26854946713224 g1 DSCT 0.5 1.0 0.1547745300762668
2121 zg 1809111300004346 4.9578204 59.322018 65 135.42474365234375 1.8408428954361946 0.6566449804143818 0.04546496272087097 0.1328436558681951 0.1987544756208778 2800.0 0.23829142477497853 0.08573112771966976 18.241069793701172 0.04546496272087097 18.012847900390625 18.335586547851562 -0.03206843137741089 1.3475204706192017 4.7141288559647085 88.48208353657597 5.42466050812002 g1 NonVar 0.52 1.0 0.035854996379279074
2121 zg 806103100019484 4.9577959 59.3220272 348 122.0179443359375 1.3319871915031953 0.9999997479316536 0.039544202387332916 0.0017575484384317983 0.5078912149903205 1.0000143393856216 0.07896051820009299 0.02087223380943842 18.263599395751953 0.039544202387332916 18.115480422973633 18.40869140625 -0.02228165976703167 1.1531305313110352 2.139406569721195 0.11894886732905813 3.4391430274322756 g2 NonVar 0.6 1.0 0.5078809763520322
2127 zg 806103100039983 5.0631851 59.364914 19 16.330886840820312 3.153142180881499 0.05237587761791658 0.3172714412212372 0.002095408255169728 0.40311588279753724 0.9999506800732915 0.7535582176884154 0.46742060466666835 21.573993682861328 0.3172714412212372 20.82741355895996 22.030521392822266 -0.17149046063423157 1.7587271928787231 1.4028798085851615 99999.0 1.4288071467185908 g1 DSCT 0.73 1.0 0.045666797556799074
2132 zg 1809111300003125 5.05853 59.3647765 42 14.833379745483398 0.8083574896377496 0.9997560171471929 0.1274643987417221 0.0006164566930891704 0.2067482343672758 2800.0 0.5064713471127258 0.058632609156558366 20.379390716552734 0.1274643987417221 20.152006149291992 20.795360565185547 -0.06629575788974762 0.8954388499259949 2.9701434337402355 0.1811180048123399 3.7331532697381404 g2 DSCT 0.45 1.0 0.20673907941827815
2132 zg 806103100018329 5.058484 59.3647904 265 39.582584381103516 1.869384573035698 0.771605647741173 0.14783285558223724 5.33458303954841e-06 29.449981881281207 1.0000143393856216 0.1404656001410437 0.025776342823366476 20.36375617980957 0.14783285558223724 19.657508850097656 20.759737014770508 -0.11105828732252121 1.3806333541870117 0.057527999227689836 0.014952890130820184 0.3234222128306409 g2 NonVar 0.66 1.0 0.03258186976834393
2133 zg 806103100019511 5.1859573 59.3234005 57 15.9210205078125 1.8637206313614854 0.6215376669570484 0.2482829988002777 0.014074715636540393 0.9441667131888198 0.9973038024878157 0.31933118331982635 0.01781767421432841 21.442996978759766 0.2482829988002777 20.830589294433594 21.98435401916504 -0.10874922573566437 1.367027997970581 0.662515432455208 0.18557126938178783 0.43165562430471066 g2 DSCT 0.56 1.0 0.033552393778143466
2139 zg 806103400000188 5.0030058 59.2536097 236 122.17196655273438 1.599103957383601 0.9901368855107022 0.03306722640991211 6.162341973586283e-14 333.4203659481394 1.000014139092549 0.27818671639057596 0.09413159304990634 17.586971282958984 0.03306722640991211 17.492691040039062 17.660688400268555 -0.015175910666584969 1.2622036933898926 5.255342346925173 1.5497849314002679 7.266140548088538 g2 LPV_OSARG_RGB 0.55 0.0 324.4204513928578
2139 zg 1809111300006424 5.0030216 59.2536016 66 117.84015655517578 1.1765650489272368 0.9967198516720062 0.02727494388818741 0.008540511319511113 0.10744256007612511 2800.0 0.3044346098981158 0.041840411844629576 17.566009521484375 0.02727494388818741 17.47414779663086 17.62579345703125 -0.012458865530788898 1.0766667127609253 5.128842055022124 4.00603810979599 9.810698300901196 g2 NonVar 0.77 1.0 0.09699675627597575
2135 zg 806103100040092 4.9702658 59.3366936 10 28.2752742767334 15.576806095138977 1.4583463774914367e-11 0.5140562057495117 0.000273375993632505 1.5886637137137256 0.9974404432888372 0.9837010881369989 0.48632477215664777 21.586811065673828 0.5140562057495117 20.232372283935547 21.996553421020508 -0.6427091956138611 4.007587432861328 0.9639115834209804 99999.0 99999.0 g1 DSCT 0.5 1.0 0.1481374609502573
2136 zg 806103100049408 4.9856223 59.3466658 9 10.883147239685059 2.328421703899888 0.3131983942854854 0.27548903226852417 0.00767593354758272 0.2586406814317864 0.9972705345592298 0.9505081496247978 0.05227159087067555 21.478166580200195 0.27548903226852417 21.085451126098633 21.905019760131836 -0.12846039235591888 1.4647048711776733 99999.0 11.837732341826857 99999.0 g2 DSCT 0.34 1.0 0.20892780614839704
2141 zg 806103400000349 5.1211613 59.247778 304 87.04653930664062 1.5712217336204783 0.9978547881669303 0.05321171134710312 8.593948991074191e-07 1.0002784237962496 1.000014139092549 0.13454545228651618 0.5272604414218648 18.658187866210938 0.05321171134710312 18.481204986572266 18.802104949951172 -0.03622409328818321 1.2530498504638672 3.6539281765171903 1.059604934343725 4.177264201602577 g2 EB_ED 0.36 1.0 1.0004154888766539
2141 zg 1809111300006670 5.1211822 59.2477629 64 65.25785827636719 1.1535165078296665 0.9971777230255243 0.04653717949986458 0.30103519550462166 0.36205433533232945 2800.0 0.21604694248211959 0.13897432986446007 18.629070281982422 0.04653717949986458 18.48451042175293 18.73867416381836 -0.02948784828186035 1.0668432712554932 9.41533772495265 117.17222411722813 9.199897749893042 l NonVar 0.54 1.0 0.09032674323313028
2140 zg 806103400035900 5.1120384 59.2458356 14 23.525815963745117 6.917376012600362 1.1191961097955666e-05 0.3980986773967743 0.0012056204853152976 0.28322432943032155 2800.0 0.8716764357305462 0.21204961173410936 21.250341415405273 0.3980986773967743 20.39318084716797 21.886768341064453 -0.3598797917366028 2.631563425064087 2.2190088587170327 3.3659226850757764 1.4044171164458388 l RRL_e 0.38 1.0 0.2832632530009091
2146 zg 1809111300037604 4.9774015 59.2657718 46 19.01585578918457 1.1099721141855363 0.9932521256768643 0.1404036432504654 0.05464837767979252 0.10327738876072688 2800.0 0.34533399251718705 0.02321319620902893 20.225040435791016 0.1404036432504654 19.969768524169922 20.687469482421875 -0.09207576513290405 1.053217887878418 2.3853809995184183 2.3361342138679966 3.1313153060633594 g2 EB_ESD 0.32 1.0 0.04715424056575133
2150 zg 806103100019039 5.170723 59.3394851 287 42.97195053100586 1.7239560763069957 0.9570347610708579 0.13781124353408813 0.0007930102788174218 1.0320980249907425 1.0000143393856216 0.0991824480262116 0.03685205108419129 20.22604751586914 0.13781124353408813 19.5557918548584 20.602508544921875 -0.10652617365121841 1.3248602151870728 0.10363532442204075 0.013325226185202904 0.19901400056709415 g2 DSCT 0.52 1.0 0.0830839469502143
