t_zg_0518.ecsv
# %ECSV 1.0
# ---
# datatype:
# - {name: SourceID, datatype: int32}
# - {name: filter, datatype: string}
# - {name: OID, datatype: string}
# - {name: RA, datatype: float64}
# - {name: DEC, datatype: float64}
# - {name: numobs, datatype: int32}
# - {name: DELTA_SIG_MAG, datatype: float64}
# - {name: CONST_CHI2, datatype: float64}
# - {name: LNP_SIG, datatype: float64}
# - {name: period, datatype: float64}
# - {name: period_c, datatype: float64}
# - {name: power, datatype: float64}
# - {name: power_c, datatype: float64}
# - {name: upsilon_class, datatype: string}
# - {name: upsilon_prob, datatype: float64}
# - {name: upsilon_flag, datatype: float64}
# - {name: upsilon_period, datatype: float64}
# schema: astropy-2.0
SourceID filter OID RA DEC numobs DELTA_SIG_MAG CONST_CHI2 LNP_SIG period period_c power power_c upsilon_class upsilon_prob upsilon_flag upsilon_period
[from data line 1757]
1423 zg 806103400035811 5.0379148 59.261617 171 124.06967163085938 2.5799988146817654 4.397025407100539e-06 1.0001147510541206 0.9999587191800864 0.18042962282878072 0.8491577738582937 EB_ED 0.34 1.0 0.49859336958381995
1425 zg 806103100029352 5.068645 59.3495932 163 21.4276065826416 1.5979978623606623 0.08908838724638025 0.5835349059324294 0.997313276872714 0.1103786424235093 0.024514529088236682 NonVar 0.8 1.0 0.039438230532289544
1426 zg 806103400029823 5.1094919 59.2623352 16 14.777573585510254 2.1894009899918494 0.004730869896187036 0.126522074948688 0.9972321697630743 0.7762373684238348 0.4035929579621572 DSCT 0.5 1.0 0.030996408178020192
1423 zg 1809111300037638 5.0379145 59.2616047 64 64.72611999511719 1.3513601123114123 0.02697332064354013 0.11014508775392175 0.9973726905723661 0.2805919769270761 0.14148291489831805 DSCT 0.57 1.0 0.06333085362279446
1424 zg 806103100019276 5.1435225 59.3315312 53 20.392362594604492 2.583037771856829 0.0037447495394517635 0.3342930540763186 0.9973864473770334 0.3792794443267322 0.02771243430212745 DSCT 0.6 1.0 0.04970196926612285
1425 zg 1809111300028164 5.0685964 59.3496207 24 14.571372985839844 2.445193918606737 4.532622600843241e-05 27.49147868730892 0.9973717276003407 0.7844654896544924 0.03626799017772719 DSCT 0.57 1.0 0.03185340474988054
1424 zg 1809111300042493 5.1436419 59.331477 8 nan nan nan nan nan nan nan nan nan nan nan
1427 zg 1809111300052795 4.989578 59.2859148 3 nan nan nan nan nan nan nan nan nan nan nan
1427 zg 806103100042817 4.989504 59.2859941 29 25.714113235473633 5.146694310426046 0.0007707141919800846 380.0293736187264 0.4993424497640312 0.6121955204708969 0.5961584886025086 DSCT 0.5 1.0 0.05217768326179069
1415 zg 806103400041978 5.0833254 59.2584127 2 nan nan nan nan nan nan nan nan nan nan nan
1426 zg 1809111300006223 5.109662 59.2622451 2 nan nan nan nan nan nan nan nan nan nan nan
1429 zg 1809111300037622 5.0262646 59.264336 2 nan nan nan nan nan nan nan nan nan nan nan
1433 zg 806103100020007 5.1620702 59.3054973 389 264.9510498046875 1.3535124854382679 2.45077542150698e-07 95.50636052967678 0.9999469712346448 0.10560067151990846 0.04914479785292308 EB_ED 0.37 1.0 94.74801066585354
1433 zg 1809111300004949 5.1620889 59.3054843 68 1046.6668701171875 23.33668402418705 0.07429664177109771 338.735506111498 0.9973726905723661 0.2400563722041246 0.9409585228432286 NonVar 0.46 1.0 0.04234825869045775
1434 zg 1809111300003606 5.0797771 59.3497029 68 137.62884521484375 2.5401754818236464 0.05603255935573244 1.0003653778062611 0.9973726905723661 0.24968029773254696 0.866570073260638 NonVar 0.55 1.0 0.03687281563133603
1434 zg 806103100018758 5.0797527 59.3497098 416 102.8680419921875 1.4435563171203518 0.00012600162819572958 130.03314792310252 0.9999469712346448 0.07474986598931109 0.02861623630528972 LPV_OSARG_AGB 0.28 1.0 129.48894790999984
1428 zg 806103100019680 5.1582336 59.3174234 0 nan nan nan nan nan nan nan nan nan nan nan
1437 zg 1809111300004600 4.9843276 59.3145309 2 nan nan nan nan nan nan nan nan nan nan nan
1435 zg 1809111300047889 5.1595953 59.315208 0 nan nan nan nan nan nan nan nan nan nan nan
1439 zg 806103100040262 4.9824886 59.2982892 57 38.99592971801758 6.451812196294744 0.013556509455902933 0.19614661072297201 0.9972309037132787 0.3093645592805704 0.02989501560623012 DSCT 0.44 1.0 0.033496029072711
1436 zg 1809111300006049 5.1301248 59.2685865 0 nan nan nan nan nan nan nan nan nan nan nan
1437 zg 806103100029731 4.9841272 59.3144329 17 11.660811424255371 1.781566126182008 0.029159976635039383 0.14086796570530496 0.997291458384318 0.726079426500066 0.12411154076884115 DSCT 0.38 1.0 0.061469909344965816
8218 zg 806103100048029 5.0465547 59.3481427 0 nan nan nan nan nan nan nan nan nan nan nan
1440 zg 1809111300004488 5.1562057 59.3208141 49 21.53898048400879 1.930751948576831 0.03369236716095714 0.18895316701666803 0.9973717276003407 0.3449938917348901 0.08945187714039012 DSCT 0.49 1.0 0.030012084606481457
1440 zg 806103100019575 5.1562041 59.3208171 286 37.37192916870117 1.9823406937817472 7.775564513106988e-06 29.5399855844021 0.9999469668503558 0.12518774409081054 0.053018604864888075 NonVar 0.21 1.0 29.39666613230763
1439 zg 1809111300051788 4.9823906 59.2981283 8 nan nan nan nan nan nan nan nan nan nan nan
1443 zg 1809111300037528 5.1490353 59.2795487 43 24.842519760131836 1.8817710352596626 0.06910220062388774 0.7363267573893643 0.9973025237642968 0.3559962605513424 0.06864852797875971 NonVar 0.54 1.0 0.037509594297346634
1444 zg 1809111300029052 5.0041628 59.2733299 49 19.0411376953125 1.6492708784216867 0.0018464793813197117 0.2600009371547005 0.9973717276003407 0.4274854870329379 0.005336331454059614 CEPH_Other 0.81 1.0 0.8532869100548439
8219 zg 806103100045259 4.9870059 59.2880397 0 nan nan nan nan nan nan nan nan nan nan nan
1445 zg 806103100047106 5.1254616 59.3412995 218 33.407981872558594 1.9387404274570186 0.0025778786851052672 29.429913212401047 0.9999600177254654 0.11451347549345416 0.07588663563393094 DSCT 0.51 1.0 0.09253226014633689
1445 zg 1809111300049921 5.1254771 59.3412976 36 15.629395484924316 1.4173190003426117 0.004046686815933728 0.10927553561355455 0.9973307368133587 0.5099303893103184 0.07809183499907141 DSCT 0.45 1.0 0.12272193249011831
1449 zg 1809111300006120 5.1231702 59.2656054 6 nan nan nan nan nan nan nan nan nan nan nan
1450 zg 1809111300042417 5.0711584 59.3502887 1 nan nan nan nan nan nan nan nan nan nan nan
1448 zg 1809111300037193 4.9846003 59.316636 1 nan nan nan nan nan nan nan nan nan nan nan
1455 zg 806103400000075 5.0998918 59.2596434 45 18.96233558654785 2.0526444552370804 0.0061219521994026575 0.17053823736832247 0.49930628030828356 0.38532674689692054 0.09337678471559399 DSCT 0.55 1.0 0.03791558834834162
1457 zg 1809111300048021 5.0149178 59.2676995 1 nan nan nan nan nan nan nan nan nan nan nan
1455 zg 1809111300037658 5.0999986 59.2596196 12 9.806622505187988 1.195406141452709 0.013258890791456734 0.11338154684296146 0.9974697673851077 0.8860242335983417 0.3533584853040591 DSCT 0.65 1.0 0.14702315224160903
1459 zg 1809111300006292 5.1029003 59.2600386 32 15.190240859985352 1.5022967990789164 0.0037831132518437024 0.31933263308800536 0.9973791707588409 0.5481277101103308 0.06945335785605669 RRL_c 0.26 1.0 0.2568478144892234
1453 zg 1809111300047953 5.1616345 59.2948209 1 nan nan nan nan nan nan nan nan nan nan nan
1460 zg 1809111300005673 5.1524783 59.2817485 63 30.513742446899414 1.0903464118363375 0.05534646100597878 0.1194042027022173 0.9973726905723661 0.2689460460624229 0.06509735950408453 EB_ED 0.52 1.0 0.0832686235490001
8220 zg 1809111300028919 4.9894855 59.2839607 1 nan nan nan nan nan nan nan nan nan nan nan
1461 zg 1809111300006007 5.1350303 59.270083 12 10.453423500061035 1.9348400248275113 nan 0.11088970920912665 0.11092008932897698 1.5794063523380015 0.9857696791003783 DSCT 0.37 1.0 0.05815378058029356
1459 zg 806103400029850 5.1028821 59.259965 94 27.86200714111328 2.4112096068218776 0.0023906789961727903 0.3254734432479631 0.9973762674070673 0.22354356355887153 0.005094435490121346 NonVar 0.45 1.0 0.030742582771926374
1464 zg 1809111300049930 5.1353461 59.3377201 0 nan nan nan nan nan nan nan nan nan nan nan
8221 zg 806103400044188 5.128692 59.2670642 0 nan nan nan nan nan nan nan nan nan nan nan
1467 zg 1809111300005096 5.1636435 59.3008034 68 628.2749633789062 11.967662334774571 0.006422460873211415 338.735506111498 0.9973726905723661 0.2974757596062519 0.9409585228432286 NonVar 0.53 1.0 0.04234825869045775
8222 zg 1809111300028159 5.050724 59.3494518 0 nan nan nan nan nan nan nan nan nan nan nan
1467 zg 806103100020138 5.1636559 59.3008121 386 252.4602508544922 3.6905850826571895 2.145699151664364e-08 344.5551077608022 0.9999469712346448 0.11670488245083901 0.3123720665141212 EB_ED 0.82 1.0 0.9942842173790618
1471 zg 1809111300037454 4.987576 59.2854946 9 nan nan nan nan nan nan nan nan nan nan nan
8224 zg 806103400035827 5.0431911 59.2593598 0 nan nan nan nan nan nan nan nan nan nan nan
1466 zg 806103100029358 5.094122 59.3494441 4 nan nan nan nan nan nan nan nan nan nan nan
1469 zg 806103400029855 5.0460496 59.258891 131 33.109764099121094 2.283786572181497 0.008600309346181549 1.6953129031056449 0.9973905747271518 0.15516972556189762 0.0038172944912666187 DSCT 0.85 1.0 0.07547512794088651
1468 zg 1809111300005827 5.0014147 59.2739013 6 nan nan nan nan nan nan nan nan nan nan nan
1466 zg 1809111300003618 5.0941168 59.349449 1 nan nan nan nan nan nan nan nan nan nan nan
1469 zg 1809111300037657 5.0460804 59.2588831 41 20.651575088500977 2.20410535821982 0.026159663441394653 0.18433916889124968 0.9973025237642968 0.40309286278973755 0.13732644980568381 DSCT 0.7 1.0 0.06253791113958157
1476 zg 1809111300004797 4.9803253 59.3076402 65 71.41869354248047 1.7636916969970258 0.00716850819538778 0.14211165810502996 0.9973726905723661 0.31246864160208077 0.05061292190237846 DSCT 0.56 1.0 0.055915868285280154
1477 zg 1809111300045794 4.9830956 59.3159876 3 nan nan nan nan nan nan nan nan nan nan nan
1476 zg 806103100036184 4.980288 59.3076681 388 120.43431091308594 2.0384330455972797 0.01983259391137158 344.5551077608022 0.9999469712346448 0.05634709360365893 0.32109802241872637 NonVar 0.73 1.0 0.037037407039138055
1475 zg 806103100019209 5.1431265 59.3338163 8 nan nan nan nan nan nan nan nan nan nan nan
1475 zg 1809111300042483 5.1430818 59.3338495 1 nan nan nan nan nan nan nan nan nan nan nan
1480 zg 1809111300005355 4.9841936 59.2897063 65 72.68831634521484 1.2787661288543906 0.1081712638204678 0.11750440219625032 0.9973726905723661 0.24107587832771935 0.05471251279022951 NonVar 0.51 1.0 0.10511561996846976
1480 zg 806103100030016 4.9841651 59.2897154 371 88.82804870605469 1.5154741003318175 0.06350558721897878 0.20465577887881206 0.9999469712346448 0.05255950051412688 0.010460972168436646 NonVar 0.51 1.0 0.04180659101700382
1482 zg 1809111300029165 5.1226347 59.2645185 0 nan nan nan nan nan nan nan nan nan nan nan
1483 zg 1809111300037513 4.9944257 59.2785009 42 32.252986907958984 1.5781916012400994 0.058215252652311575 0.10568100468057207 0.9973726905723661 0.36747755691936557 0.16981879334227645 EB_ED 0.46 1.0 0.13888565498908806
1479 zg 1809111300006190 5.1187002 59.2632424 0 nan nan nan nan nan nan nan nan nan nan nan
1482 zg 806103400041945 5.1225786 59.2644093 7 nan nan nan nan nan nan nan nan nan nan nan
8226 zg 806103400029821 5.0308256 59.2616416 1 nan nan nan nan nan nan nan nan nan nan nan
1486 zg 1809111300045929 5.1509226 59.2792162 56 55.67128372192383 3.8782697825820054 0.06139826584865524 0.1690395931518647 0.9973726905723661 0.28974032605441435 0.10499843705963462 DSCT 0.54 1.0 0.036461869478946585
1488 zg 1809111300003554 5.0686708 59.3510869 62 43.51738357543945 1.2031565176407033 0.4488612013344613 0.24294907192211168 0.9973726905723661 0.20667389926592653 0.09969801907570484 EB_ED 0.52 1.0 0.3128340423592461
1488 zg 806103100018710 5.0686451 59.3510971 406 81.89679718017578 1.8795564730472492 0.0018371412207243629 1.0351941511876575 0.9999348120575894 0.06551196630173946 0.012380121074992895 NonVar 0.5 1.0 1.661316887338501
8227 zg 806103100040036 5.0539779 59.3502311 1 nan nan nan nan nan nan nan nan nan nan nan
1484 zg 1809111300005491 5.1593465 59.288061 0 nan nan nan nan nan nan nan nan nan nan nan
8228 zg 1809111300050039 4.9801247 59.2980196 1 nan nan nan nan nan nan nan nan nan nan nan
1491 zg 1809111300029232 5.0712255 59.2564952 3 nan nan nan nan nan nan nan nan nan nan nan
8229 zg 806103100040042 5.1009146 59.3489511 0 nan nan nan nan nan nan nan nan nan nan nan
1491 zg 806103400000148 5.0709204 59.2564546 20 13.449851989746094 1.6033864359488514 0.013940837985448614 0.10113298278097001 0.997382623898546 0.6016050453749965 0.03038707172131647 DSCT 0.69 1.0 0.043935495515869595
1495 zg 806103400000012 5.0279041 59.2621602 168 45.51594161987305 1.798971049341137 0.04486138313992855 0.5079390026535551 0.9999661926656115 0.10725007801950444 0.029068141233906154 NonVar 0.62 1.0 0.034348658831844237
1496 zg 806103400020670 5.0948773 59.2579012 146 27.26500129699707 1.6466206887863344 4.2934717595095385e-05 0.6485991194022023 0.9999600177254654 0.20176584919793436 0.006561319526061009 RRL_ab 0.82 1.0 0.6485929660759937
1495 zg 1809111300006176 5.0279784 59.2621299 63 33.865562438964844 1.6776759700555381 0.07374700269007474 0.9667973154508781 0.9973726905723661 0.2612931329254695 0.028582741916518627 DSCT 0.85 1.0 0.07973607275212037
1496 zg 1809111300006341 5.0949748 59.257901 39 19.641603469848633 1.184858101178504 0.057843769800661964 0.12527541951654625 0.9973726905723661 0.3912324868891259 0.03117432250825717 EB_ESD 0.57 1.0 0.048063885408299374
1498 zg 1809111300045730 5.1265886 59.3423628 64 502.22174072265625 15.36241054374481 0.01693410343953034 1.0003653778062611 0.9973726905723661 0.28912555042894966 0.8420379644552752 RRL_ab 0.63 1.0 0.5000875619999948
1498 zg 806103100042584 5.1265922 59.3423679 384 195.13722229003906 2.1096314525838893 4.552035693651203e-06 0.4967344531073446 1.0000242193633795 0.09529658958471364 0.007714544663205001 NonVar 0.42 1.0 0.496712737451936
1493 zg 806103100029989 4.9811159 59.2935512 1 nan nan nan nan nan nan nan nan nan nan nan
1505 zg 1809111300004017 5.1401151 59.3364588 0 nan nan nan nan nan nan nan nan nan nan nan
1506 zg 1809111300037521 4.9944215 59.2775634 68 136.5186004638672 7.689853215063322 0.009077287281049107 0.16319999847466962 0.9973726905723661 0.29548973011905383 0.012620219512431334 DSCT 0.52 1.0 0.061468181457418156
1502 zg 1809111300004898 4.9787337 59.3040016 51 22.245193481445312 2.048653816289752 0.0016088601505158907 0.1600678927753181 0.9973307368133587 0.41747381287257335 0.21145626595561956 DSCT 0.59 1.0 0.03614043459389542
1502 zg 806103100019989 4.9786287 59.304033 288 49.09539794921875 2.263721601135751 0.00034945842030264905 1.002619535564548 0.9999541023165953 0.10084356147824254 0.07358747692234252 RRL_e 0.55 1.0 0.2726032587608358
1505 zg 806103100040099 5.1407005 59.3364524 1 nan nan nan nan nan nan nan nan nan nan nan
1515 zg 1809111300047785 5.053995 59.3508361 0 nan nan nan nan nan nan nan nan nan nan nan
1519 zg 1809111300003599 5.096249 59.350144 1 nan nan nan nan nan nan nan nan nan nan nan
1517 zg 806103100049731 4.9784493 59.3010322 13 17.23720359802246 3.0197475637923312 0.012539367144406417 0.49361432077293577 0.9970787411714503 0.8605694427864323 0.08053928849826746 RRL_ab 0.35 1.0 0.4936095525267552
1521 zg 806103100019657 5.1617012 59.3180873 3 nan nan nan nan nan nan nan nan nan nan nan
1523 zg 1809111300029015 4.9951649 59.276463 52 23.138568878173828 1.1390959246521772 0.10555071758178343 0.7957142266554307 0.9973726905723661 0.2913635649900751 0.020191506771202652 EB_ED 0.42 1.0 0.04682780996588809
1524 zg 806103100018829 5.111646 59.3473725 189 23.597108840942383 1.976367152350574 4.231086659858442e-06 1.0350013768992492 0.9999528491498271 0.18918951095723885 0.2430122750159197 EB_ESD 0.33 1.0 1.0350915782964771
1524 zg 1809111300028194 5.1116934 59.3474016 24 15.690333366394043 1.5270353669379475 0.04096700777574238 0.11303453215213734 0.9974126652123915 0.5702683640302942 0.15478260421558593 DSCT 0.72 1.0 0.08465763797493427
1528 zg 1809111300003851 5.1294301 59.3419431 68 1758.546142578125 27.404309663278287 0.9652741737380326 338.735506111498 0.9973726905723661 0.1409490707132699 0.9409585228432288 NonVar 0.72 1.0 0.04234825869045775
1528 zg 806103100018964 5.1294351 59.3419472 416 462.566650390625 3.719916342268828 2.1337093491224076e-09 327.14519740700956 0.9999469712346448 0.11842679434636484 0.1409281501853953 EB_ED 0.65 1.0 0.9942842173790618
1533 zg 806103100035911 5.1252489 59.3435712 291 30.864368438720703 1.6350485708714941 0.00012442022229898115 1.035079074553669 0.9999541023165953 0.10737863557157212 0.06529389581456628 NonVar 0.3 1.0 1.035245079276849
