t_zg_0109.ecsv
# %ECSV 1.0
# ---
# datatype:
# - {name: SourceID, datatype: int32}
# - {name: filter, datatype: string}
# - {name: OID, datatype: string}
# - {name: RA, datatype: float64}
# - {name: DEC, datatype: float64}
# - {name: numobs, datatype: int32}
# - {name: DELTA_SIG_MAG, datatype: float64}
# - {name: CONST_CHI2, datatype: float64}
# - {name: sf, datatype: float64}
# - {name: rmse, datatype: float64}
# - {name: LNP_SIG, datatype: float64}
# - {name: period, datatype: float64}
# - {name: period_c, datatype: float64}
# - {name: power, datatype: float64}
# - {name: power_c, datatype: float64}
# - {name: mean, datatype: float64}
# - {name: std, datatype: float64}
# - {name: min, datatype: float64}
# - {name: max, datatype: float64}
# - {name: sigma_mean, datatype: float64}
# - {name: sigma_std, datatype: float64}
# - {name: gaussian1_err, datatype: float64}
# - {name: gaussian2_err, datatype: float64}
# - {name: gumbel_err, datatype: float64}
# - {name: g2_flag, datatype: float64}
# - {name: Pg1g2, datatype: float64}
# - {name: Pgug2, datatype: float64}
# - {name: Pg1gu, datatype: float64}
# - {name: shape, datatype: string}
# - {name: upsilon_class, datatype: string}
# - {name: upsilon_prob, datatype: float64}
# - {name: upsilon_flag, datatype: float64}
# - {name: upsilon_period, datatype: float64}
# - {name: identifier, datatype: string}
# - {name: dist, datatype: float64}
# - {name: type, datatype: string}
# - {name: Gaia_count, datatype: int32}
# - {name: Gmag, datatype: float64}
# - {name: RFG, datatype: float64}
# - {name: Plx, datatype: float64}
# - {name: e_Plx, datatype: float64}
# - {name: var, datatype: string}
# schema: astropy-2.0
SourceID filter OID RA DEC numobs DELTA_SIG_MAG CONST_CHI2 sf rmse LNP_SIG period period_c power power_c mean std min max sigma_mean sigma_std gaussian1_err gaussian2_err gumbel_err g2_flag Pg1g2 Pgug2 Pg1gu shape upsilon_class upsilon_prob upsilon_flag upsilon_period identifier dist type Gaia_count Gmag RFG Plx e_Plx var
[from data line 1007]
1663 zg 806103100018989 5.0003286 59.339333 84 18.948780059814453 1.8543881951135723 0.6671355743957397 0.23449485003948212 0.00792504195984292 0.2364032666628385 1.0000295946122673 0.24407152653746322 0.00786160178004712 21.39932632446289 0.23449485003948212 20.673994064331055 22.004024505615234 -0.10404641926288605 1.3670076131820679 0.040318133576010266 0.005697038859279855 0.10423156096818727 1.0 0.011890102013892623 0.0018098927294732947 0.8833034479651327 g1 DSCT 0.57 1.0 0.09017514891200933 "" nan "" 1 20.166319 256.101 0.3671 0.4821 N
1665 zg 1809111300005239 4.9747971 59.2924358 66 112.60254669189453 1.1809220210085833 0.9965391226417599 0.03285032883286476 0.13559016473764343 0.15043943836041207 2800.0 0.23461820706803435 0.0105626661966999 17.913965225219727 0.03285032883286476 17.848838806152344 18.060335159301758 -0.017647357657551765 1.0788602828979492 0.9327994036195335 1.1002135777042719 2.129896352333954 1.0 0.6256633166409971 0.14627794054729515 0.8508640588360505 g1 EB_ED 0.79 1.0 0.15043459106145096 "" nan "" 1 16.508148 2240.45 1.19 0.0444 N
1665 zg 806103100020269 4.9747779 59.2924535 319 135.18154907226562 1.480834196166221 0.9998471418955319 0.03588331863284111 0.012032373609257165 0.9976389143527559 1.0000143393856216 0.07369482811587152 0.6289247754109555 17.936738967895508 0.03588331863284111 17.81142807006836 18.04924774169922 -0.018771963194012642 1.215451717376709 0.9781315341591759 0.7412680407730379 2.8285401983296503 0.0 0.2958133967336465 0.039886817842158195 0.9077058162887174 g1 NonVar 0.64 1.0 0.04481878365495776 "" nan "" 1 16.508148 2240.45 1.19 0.0444 N
1672 zg 806103100040341 5.1678769 59.2890544 226 28.067834854125977 1.4902753759281853 0.9985060782752674 0.15120826661586761 0.009157278263007827 29.449981881281207 1.0000143393856216 0.10207555301839208 0.07464791813254719 20.49368667602539 0.15120826661586761 19.942583084106445 20.84250259399414 -0.0943635031580925 1.2299325466156006 0.02658011493943124 0.019690518466893056 0.02475603020608933 1.0 0.28398941988650106 0.3224364845902299 0.46384528415948134 gu RRL_ab 0.49 1.0 0.6060776322554784 "" nan "" 1 19.454363 419.365 0.0072 0.2789 N
1672 zg 1809111300028888 5.1679968 59.2890537 37 13.60820198059082 0.9977554472539505 0.9947962735642522 0.14290083944797516 0.3330992489247714 0.11412629700742113 2800.0 0.32724804925632967 0.3202892599056432 20.49564552307129 0.14290083944797516 20.1903018951416 20.788068771362305 -0.0751568004488945 0.9941354990005493 0.3751954584734817 0.4029663240325865 0.3797049872322486 0.0 0.5389157376433735 0.5285031631401635 0.5060845528823326 g1 NonVar 0.77 1.0 0.04892894785164631 "" nan "" 1 19.454363 419.365 0.0072 0.2789 N
3149 zg 806103400048291 5.0975676 59.2543376 19 42.976985931396484 18.93228029776767 3.301478942302481e-28 0.5109266638755798 0.0036169307403351794 0.13182378489921062 0.4993091373987564 0.719123951794752 0.23679562367713886 20.828020095825195 0.5109266638755798 19.519624710083008 22.271215438842773 -0.8769356608390808 4.638425350189209 0.030802959922911544 0.016618388140881353 0.05437772045550088 0.0 0.15867650001747458 0.05373617247802587 0.7645274227554171 g1 DSCT 0.53 1.0 0.10333714197244363 "" nan "" 0 0.0 0.0 0.0 0.0 V
1679 zg 1809111300005731 4.9867385 59.2769518 66 82.09978485107422 0.5883843952606883 0.9999999952073049 0.01533069834113121 0.04852316897050251 0.24774768695601526 2800.0 0.2620070615358317 0.08654925715044594 16.93430519104004 0.01533069834113121 16.90276336669922 16.96938133239746 -0.0037245505955070257 0.7612566351890564 52.57799399776485 80.47010773483562 48.90321088972704 1.0 0.8972970202387384 0.964825554003419 0.4631555855961509 gu DSCT 0.67 1.0 0.030783414461274337 "" nan "" 1 16.193787 2741.37 0.5802 0.0382 N
1681 zg 1809111300042407 5.0426892 59.3529161 66 231.85052490234375 0.9671083140301067 0.9998606449872548 0.013990802690386772 0.050598280840392904 0.17552430689197446 2800.0 0.26089689498373614 0.01427497124687408 15.42605209350586 0.013990802690386772 15.36417293548584 15.459517478942871 -0.0020050921011716127 0.9759442806243896 14.577621503319259 14.913608449666976 15.339815064581837 1.0 0.49749293047431775 0.4567849165082235 0.52593618567022 g1 NonVar 0.53 1.0 0.0317530312848652 "" nan "" 1 14.731666 5050.5 0.5395 0.0258 N
1681 zg 806103100035840 5.0426832 59.3529261 356 212.86082458496094 1.036504013766929 0.9999999999999989 0.01674743741750717 0.0037990150995843197 0.4967120486606952 1.0000143393856216 0.07323735168853499 0.0013236895018121193 15.44473648071289 0.01674743741750717 15.377952575683594 15.493410110473633 -0.0016181370010599494 1.01668119430542 0.7896557990475236 0.41228954733442774 3.2016494562992674 1.0 0.1492406426930013 0.009900145583016773 0.9576132895015721 g1 NonVar 0.6 1.0 0.49670225578186594 "" nan "" 1 14.731666 5050.5 0.5395 0.0258 N
1686 zg 806103100035875 5.1194422 59.3494137 65 30.117469787597656 3.654583221487128 5.333402962842548e-05 0.27890482544898987 3.668372575003637e-05 0.499316392033801 0.9999798943894762 0.417200863490108 0.9050825995463082 21.38728904724121 0.27890482544898987 20.14910125732422 21.966169357299805 -0.1743890345096588 1.9314874410629272 0.02341489059972077 0.026064063095338652 0.02791684098741225 0.0 0.5709976246292174 0.42640414423114537 0.5887629768462121 g1 NonVar 0.51 1.0 0.033345465614862915 "" nan "" 1 19.899204 272.995 0.5372 0.367 N
1687 zg 806103400000185 5.0442974 59.2543277 233 131.18446350097656 1.8350619583265264 0.814027010357789 0.05666942149400711 0.005711354177583564 0.1970345129360976 1.000014139092549 0.10417707653658227 0.020214349808830433 18.6667537689209 0.05666942149400711 18.3673095703125 18.84229278564453 -0.041124358773231506 1.3537395000457764 0.04529161331062109 0.005496501421004796 0.45924509104370437 1.0 0.008805780765898552 8.750166963844563e-05 0.9966294102296632 g1 NonVar 0.55 1.0 0.1970364114138219 "" nan "" 2 17.653913 1189.7 0.6018 0.0846 N
1684 zg 806103400029867 5.1176808 59.2578946 22 15.7415771484375 2.431318065454628 0.2249864817501039 0.27972614765167236 0.025390388895335413 0.3366569849631822 0.49930202357487813 0.6293510156873948 0.5460926577995988 21.499061584472656 0.27972614765167236 20.819984436035156 21.982343673706055 -0.13606077432632446 1.5431137084960938 0.24249770566775525 0.35390125888907664 0.2489249907130317 1.0 0.8476844015395817 0.8197419396002059 0.5133201939445762 g1 DSCT 0.67 1.0 0.07352676900945157 "" nan "" 1 20.404003 196.098 -0.4725 0.5505 N
1687 zg 1809111300006425 5.0443478 59.25431 65 160.07440185546875 3.3963072402692176 0.0004172169420224603 0.06939858198165894 0.7675286965727419 0.6941872553743301 2800.0 0.1737307432523628 0.07776997088202366 18.64605712890625 0.06939858198165894 18.20524024963379 18.773136138916016 -0.06810851395130157 1.8334016799926758 0.326391992261688 0.02983957310427446 0.05242599246660335 1.0 0.00502718691841697 0.17532181908000588 0.013835245948296215 gu NonVar 0.63 1.0 0.031189334527229884 "" nan "" 2 17.653913 1189.7 0.6018 0.0846 N
1686 zg 1809111300003639 5.119533 59.3494238 11 19.80792808532715 6.371206416625364 0.0004231657476466569 0.42160454392433167 0.021818843443844705 0.12743150899521036 2800.0 0.9005867180765821 0.2195553791128456 21.25919532775879 0.42160454392433167 20.330791473388672 21.955150604248047 -0.3704512417316437 2.5105655193328857 0.13600246397793347 0.20193460903643043 0.14866856149876415 1.0 0.8659169856670939 0.7708070890949872 0.5452463174210762 g1 DSCT 0.51 1.0 0.03251179597874487 "" nan "" 1 19.899204 272.995 0.5372 0.367 N
1690 zg 806103100029653 5.1659859 59.3230372 206 23.61595344543457 1.8796106197924318 0.7236690200489512 0.19016563892364502 2.4527427019216198e-05 1.035294854360654 1.0000432822928669 0.16310863382022367 0.07975832580053958 20.730083465576172 0.19016563892364502 20.191301345825195 21.186861038208008 -0.11300652474164963 1.382655143737793 0.042581422156400935 0.042639371313576556 0.1079128149768215 0.0 0.480040288172328 0.08805744795732307 0.8784950090851399 g1 DSCT 0.88 1.0 0.0521106514017277 "" nan "" 1 19.653625 347.538 0.711 0.3196 N
1690 zg 1809111300004425 5.1659887 59.3230337 25 15.148327827453613 1.741175346215557 0.6449642355899488 0.1866896152496338 0.06460515022199433 0.13719037979888782 2800.0 0.5355822014854452 0.1262309134414907 20.668350219726562 0.1866896152496338 20.204301834106445 20.92576789855957 -0.11505616456270218 1.3106480836868286 0.836705697189023 1.2024889207574732 0.865290462549633 0.0 0.8313170809283246 0.795296349563101 0.5171030702265118 g1 DSCT 0.63 1.0 0.0485741846474756 "" nan "" 1 19.653625 347.538 0.711 0.3196 N
1689 zg 806103100036103 4.9739104 59.3162789 11 7.103116512298584 0.8754630828604366 0.9287246785903792 0.17818838357925415 0.004827216574484464 0.1184254948706801 0.9972107786422629 0.9325181056840708 0.03753356458633888 21.69141387939453 0.17818838357925415 21.37964630126953 21.972412109375 -0.04764758422970772 0.8960456848144531 2.9367392401822925 3.80034162333759 2.956000174350355 0.0 0.7195144695915086 0.7126855627073008 0.5033293262084986 g1 DSCT 0.77 1.0 0.062082659959797046 "" nan "" 0 0.0 0.0 0.0 0.0 N
1693 zg 1809111300004286 4.9794553 59.3247198 61 29.836822509765625 0.8563064301806583 0.9999693888877407 0.0730900689959526 0.015287236238427563 0.10307668037648685 2800.0 0.30957404909809794 0.03726277508873096 19.49274444580078 0.0730900689959526 19.33467674255371 19.721996307373047 -0.04583706706762314 0.9210461378097534 1.9924840460009527 2.9932367614591424 2.330244896269541 1.0 0.8781522618975878 0.7117767580709577 0.5791848883551802 g1 EB_ESD 0.42 1.0 0.03145982101597397 "" nan "" 1 18.262283 934.305 0.7623 0.1182 N
1693 zg 806103100019417 4.9794353 59.3247378 331 78.7951889038086 1.9398566899801613 0.6433170973099873 0.09338197112083435 0.021722663435976588 0.9972441069114794 1.0000143393856216 0.0679988168784492 0.9097714473321515 19.489547729492188 0.09338197112083435 19.018184661865234 19.839523315429688 -0.08071502298116684 1.3981167078018188 0.029360003050445418 0.014440544921574032 0.16688840200992158 1.0 0.1334051281842823 0.004507686345793682 0.9822637777341678 g1 LPV_SRV_AGB_O 0.32 1.0 67.69977611641791 "" nan "" 1 18.262283 934.305 0.7623 0.1182 N
1696 zg 1809111300003532 5.0312333 59.3511857 48 21.569808959960938 1.4070322885193092 0.9381869808334573 0.14315766096115112 0.14131112798233383 0.15332550344095242 2800.0 0.3029446316976029 0.013299211726068298 20.25902557373047 0.14315766096115112 19.844303131103516 20.55753517150879 -0.10311172157526016 1.1883275508880615 0.21342896138414544 0.09464644248302032 0.1351057308342514 1.0 0.10969038088861649 0.25674323012627953 0.2805158034068387 gu DSCT 0.76 1.0 0.0622054719502437 "" nan "" 1 19.018841 533.253 0.7702 0.2184 N
1697 zg 1809111300003660 5.0160144 59.3469498 57 32.132869720458984 1.488534651630538 0.9229324349407512 0.10354530811309814 0.00011000468748973448 0.1073585349812123 2800.0 0.4452554700983523 0.07256922288660367 19.698348999023438 0.10354530811309814 19.412769317626953 19.9326229095459 -0.08292747288942337 1.2182344198226929 0.8413109806364831 0.47771550708952415 1.0765989568827703 0.0 0.1745482540145552 0.10981714203188697 0.6234035393362996 g1 DSCT 0.77 1.0 0.10735606636509895 "" nan "" 1 18.479536 711.238 0.2581 0.1389 N
1697 zg 806103100018814 5.0160039 59.3469495 329 43.941505432128906 1.404513695650283 0.9999904083971539 0.096821628510952 0.06307308923559257 0.16729792276331748 1.0000143393856216 0.062080073888745 0.009106629434540912 19.72584342956543 0.096821628510952 19.41434097290039 20.056636810302734 -0.07379062473773956 1.1901922225952148 0.0655997212111192 0.048442640420312655 0.05961024930677551 1.0 0.2823785564809702 0.33493953423369516 0.45136805371093114 gu LPV_SRV_AGB_O 0.31 1.0 302.39233332000003 "" nan "" 1 18.479536 711.238 0.2581 0.1389 N
1696 zg 806103100018697 5.0311972 59.3512057 274 30.724367141723633 1.1771475606323398 0.9999999941099262 0.1262219250202179 0.005399554096973878 0.1149541212077316 1.0000143393856216 0.09019881254621225 0.007255546201830304 20.277050018310547 0.1262219250202179 19.86458396911621 20.799659729003906 -0.08125562965869904 1.0920627117156982 0.01537015540047504 0.006157820586162806 0.06083617525251512 1.0 0.09041578231070935 0.006150432785810733 0.9550505922935526 g1 NonVar 0.41 1.0 0.11495476202037609 "" nan "" 1 19.018841 533.253 0.7702 0.2184 N
1698 zg 806103100018790 5.0185254 59.3478063 355 81.88542175292969 1.357272318831375 0.999999392891046 0.051078684628009796 0.054551503388910356 0.2497813812367849 1.0000143393856216 0.058716812925880726 0.031535830868964616 18.731781005859375 0.051078684628009796 18.555561065673828 18.87499237060547 -0.033500395715236664 1.1648566722869873 0.09205737101986013 0.03957024391247476 0.6505711946685718 1.0 0.10338500394878392 0.0022386099724865938 0.9902943960819489 g1 NonVar 0.55 1.0 0.24978715787212952 "" nan "" 1 17.278864 1465.13 1.3017 0.0699 N
1698 zg 1809111300003634 5.0185421 59.3478125 64 50.288238525390625 0.9999970990679227 0.9996936360473708 0.046601004898548126 0.08015573380775265 0.18172965408461586 2800.0 0.255595169374089 0.06437462039836156 18.71107292175293 0.046601004898548126 18.61526870727539 18.840167999267578 -0.028445549309253693 0.9933634400367737 5.883515395840289 6.895179340259114 7.319638179447847 1.0 0.6194564805536454 0.4329589029029589 0.6097068894396647 g1 NonVar 0.46 1.0 0.03410324590467341 "" nan "" 1 17.278864 1465.13 1.3017 0.0699 N
1701 zg 806103100035985 4.9874709 59.3324521 17 19.358861923217773 5.162695108093336 0.0003563841268654843 0.36923202872276306 9.69097628775585e-05 0.10398659929876611 0.997274080636628 0.8703959857982735 0.008976900958988898 21.295799255371094 0.36923202872276306 20.553733825683594 21.737321853637695 -0.2812041640281677 2.266770362854004 0.6129147666395832 0.645209418384766 0.600510299031419 0.0 0.5215221130893025 0.5392575425148332 0.48958816080186396 gu DSCT 0.62 1.0 0.08606327590964342 "" nan "" 1 20.257795 197.111 0.6133 0.5918 N
1703 zg 806103100019661 5.1695553 59.3183417 342 81.38935852050781 1.6538890110325637 0.9917317066763038 0.07744558155536652 0.011976553904192177 0.4966794146786251 1.0000143393856216 0.06940165913694181 0.0013030470132708181 19.272676467895508 0.07744558155536652 18.908729553222656 19.516841888427734 -0.06174064427614212 1.2886946201324463 0.06264234038016095 0.00625686465723949 0.13155041089900282 1.0 0.005990572429588448 0.0013724021525843844 0.8256316961727297 g1 NonVar 0.66 1.0 0.043623926443348046 "" nan "" 1 17.847082 1190.4 0.8659 0.0944 N
1703 zg 1809111300004575 5.1695791 59.3183308 64 48.54972839355469 1.1322250614308815 0.9978495547324157 0.07081180065870285 0.08265134284383681 1.068644646285067 2800.0 0.2548089543572084 0.0668962407356487 19.258563995361328 0.07081180065870285 19.03499984741211 19.47760772705078 -0.049906566739082336 1.0591758489608765 0.210109033242341 0.17668409566601861 0.16585761028273557 1.0 0.3557187657185079 0.531777088042137 0.3814867995035043 gu EB_ED 0.31 1.0 0.05683735888942952 "" nan "" 1 17.847082 1190.4 0.8659 0.0944 N
1704 zg 1809111300006043 5.1471561 59.2690084 66 161.84584045410156 0.9515790986270256 0.9998953873685074 0.014911380596458912 0.02605065121933937 0.2130330835622606 2800.0 0.2775824850340966 0.04883478973905984 15.850784301757812 0.014911380596458912 15.814114570617676 15.891012191772461 -0.00276218936778605 0.9680820107460022 31.904995884094497 37.06817444884717 50.95063870319816 0.0 0.6111104604542164 0.2749021515928567 0.7240729980762137 g1 NonVar 0.55 1.0 0.21302984536741 "" nan "" 1 15.056393 1404.08 0.9169 0.1115 N
