t_zg_0418_original.ecsv
# %ECSV 1.0
# ---
# datatype:
# - {name: SourceID, datatype: int32}
# - {name: filter, datatype: string}
# - {name: OID, datatype: string}
# - {name: RA, datatype: float64}
# - {name: DEC, datatype: float64}
# - {name: numobs, datatype: int32}
# - {name: DELTA_SIG_MAG, datatype: float64}
# - {name: CONST_CHI2, datatype: float64}
# - {name: LNP_SIG, datatype: float64}
# - {name: period, datatype: float64}
# - {name: period_c, datatype: float64}
# - {name: power, datatype: float64}
# - {name: power_c, datatype: float64}
# - {name: upsilon_class, datatype: string}
# - {name: upsilon_prob, datatype: float64}
# - {name: upsilon_flag, datatype: float64}
# - {name: upsilon_period, datatype: float64}
# schema: astropy-2.0
SourceID filter OID RA DEC numobs DELTA_SIG_MAG CONST_CHI2 LNP_SIG period period_c power power_c upsilon_class upsilon_prob upsilon_flag upsilon_period
[from data line 688]
508 zg 806103100036170 5.0264828 59.3096289 2 nan nan nan nan nan nan nan nan nan nan nan
"" zg 1809111300042756 5.0811173 59.2802462 0 nan nan nan nan nan nan nan nan nan nan nan
513 zg 1809111300042506 5.0636791 59.3277932 26 21.27761459350586 2.947605053355103 0.05851413891071717 0.1527927571356638 0.9973717276003407 0.5187913847176406 0.04381219490621156 DSCT 0.7 1.0 0.041878329327670744
513 zg 806103100040142 5.0636479 59.3277987 145 37.476261138916016 3.3217351068014116 0.0011894027692467245 6.874503162101324 0.9972347723716849 0.17328877420914374 0.01155684325180305 DSCT 0.44 1.0 0.04623864053163353
516 zg 1809111300037483 5.0997439 59.2841193 2 nan nan nan nan nan nan nan nan nan nan nan
512 zg 1809111300042686 5.1127777 59.2912842 47 46.81251525878906 5.644963804414585 0.0036547806413594766 0.48050040145266637 0.997370740095351 0.41989382162455613 0.08271973710643937 DSCT 0.61 1.0 0.038975739873629435
517 zg 806103100045121 5.0320497 59.3170597 14 6.913888454437256 0.9591473489705057 0.0002761430818110154 0.37134144020289894 0.9974328560182312 0.9191302329626366 0.3824176375185008 DSCT 0.49 1.0 0.10331916249251517
512 zg 806103100036330 5.1127245 59.2912276 281 72.7820816040039 6.564654691848543 2.5038323840055906e-08 0.4992749541186781 0.9999661926656115 0.16145220754086337 0.789636829179529 RRL_ab 0.52 1.0 0.4983501726686443
519 zg 1809111300028837 5.0319849 59.2907628 1 nan nan nan nan nan nan nan nan nan nan nan
"" zg 1809111300028940 5.0458791 59.2835795 0 nan nan nan nan nan nan nan nan nan nan nan
520 zg 806103100042755 5.1155455 59.2939089 376 508.0458068847656 14.002741137876084 4.290684706003596e-05 0.9997925581273491 0.9999469712346448 0.08581206834674228 0.8476767412117601 NonVar 0.58 1.0 0.04759573179078138
511 zg 1809111300052441 5.0436816 59.284341 0 nan nan nan nan nan nan nan nan nan nan nan
515 zg 806103100042629 5.0545388 59.3265466 3 nan nan nan nan nan nan nan nan nan nan nan
"" zg 806103100042644 5.0373581 59.3206121 2 nan nan nan nan nan nan nan nan nan nan nan
520 zg 1809111300028818 5.1155634 59.2938424 67 638.3869018554688 28.04054133324824 0.029021586526496976 0.1041157016954963 0.9973726905723661 0.2687300744276732 0.02922218395968046 DSCT 0.49 1.0 0.03449644437436835
510 zg 1809111300042672 5.1173555 59.2961292 3 nan nan nan nan nan nan nan nan nan nan nan
517 zg 1809111300045793 5.0319687 59.3171775 1 nan nan nan nan nan nan nan nan nan nan nan
523 zg 806103100029584 5.0785672 59.3280855 399 89.95238494873047 1.7428067903688074 0.05809077297028441 0.12049379948974817 1.0000242193633795 0.0504984324666827 0.0023921018901505507 NonVar 0.55 1.0 0.07955969570108817
523 zg 1809111300028389 5.0786059 59.3280862 65 86.19527435302734 1.9766734303958042 0.019620117605721698 0.3115440341517173 0.9973726905723661 0.2851858189062902 0.01476935266599316 DSCT 0.46 1.0 0.06199066644235814
514 zg 806103100045080 5.0734671 59.3283061 0 nan nan nan nan nan nan nan nan nan nan nan
522 zg 806103100048063 5.1183175 59.3102845 0 nan nan nan nan nan nan nan nan nan nan nan
524 zg 1809111300042757 5.0832664 59.2801097 0 nan nan nan nan nan nan nan nan nan nan nan
"" zg 806103100036066 5.1015735 59.3231869 0 nan nan nan nan nan nan nan nan nan nan nan
527 zg 1809111300042734 5.1027478 59.2850581 2 nan nan nan nan nan nan nan nan nan nan nan
"" zg 806103100047153 5.0383013 59.3213411 5 nan nan nan nan nan nan nan nan nan nan nan
529 zg 1809111300053166 5.0870483 59.2805372 2 nan nan nan nan nan nan nan nan nan nan nan
532 zg 1809111300028895 5.0380878 59.2862831 35 14.471842765808105 1.5132415786399276 0.0004324283849608755 0.16332844374303776 0.9973005357751848 0.5872071581075305 0.11638735126142186 DSCT 0.75 1.0 0.16326171289754893
533 zg 1809111300028920 5.1053354 59.2859154 38 22.921592712402344 2.0018714856440036 0.036236102296365626 0.1600678927753181 0.9973307368133587 0.40931032150373164 0.22262273044089498 DSCT 0.45 1.0 0.030439188719199952
"" zg 1809111300037220 5.1143316 59.3160026 0 nan nan nan nan nan nan nan nan nan nan nan
534 zg 1809111300051809 5.0933996 59.2816568 3 nan nan nan nan nan nan nan nan nan nan nan
"" zg 1809111300053159 5.1114025 59.2893658 21 15.872210502624512 1.9604695408704973 0.008355003870538506 0.863299616664334 0.997350612702214 0.6871383869534327 0.004505424495057647 RRL_ab 0.53 1.0 0.8634491912658241
"" zg 1809111300052777 5.0815763 59.328195 0 nan nan nan nan nan nan nan nan nan nan nan
535 zg 1809111300005707 5.0732586 59.2791006 15 11.608901977539062 1.6732649291638484 0.006730667898800856 0.3056459132425736 0.9973005357751848 0.8315153113751074 0.07680197222702456 DSCT 0.53 1.0 0.031453414176219545
"" zg 1809111300037510 5.0599966 59.2798316 0 nan nan nan nan nan nan nan nan nan nan nan
"" zg 806103100019363 5.0825907 59.3281437 1 nan nan nan nan nan nan nan nan nan nan nan
537 zg 1809111300004309 5.0465601 59.3250483 68 336.1902770996094 3.711575526891127 0.5926973085160164 0.12480644624765966 0.9973726905723661 0.17759367202450094 0.15854471755811095 NonVar 0.55 1.0 0.04234825869045775
537 zg 806103100019432 5.0465462 59.3250571 409 449.2919616699219 2.631879067765702 0.000604625994329447 0.4971628218519977 0.9999469712346448 0.06833616400644757 0.018290129963680204 RRL_ab 0.4 1.0 0.4971421086895309
538 zg 806103100045151 5.0238035 59.3072332 40 14.60405158996582 1.6047226701523096 0.005464568880629002 0.1575460532788078 0.9973059464432088 0.42795774935454034 0.09520884808928913 EB_EC 0.39 1.0 0.07968655981392385
538 zg 1809111300028602 5.0237958 59.307316 1 nan nan nan nan nan nan nan nan nan nan nan
"" zg 1809111300049952 5.0575409 59.3276732 0 nan nan nan nan nan nan nan nan nan nan nan
539 zg 1809111300045881 5.115382 59.2923787 31 55.89328384399414 7.470621507280735 0.0015939282385754377 0.19539212434415573 0.9973726905723661 0.5899357993006854 0.24560374872372923 DSCT 0.53 1.0 0.03279723552724002
540 zg 1809111300053155 5.0247536 59.3101479 0 nan nan nan nan nan nan nan nan nan nan nan
"" zg 1809111300045776 5.0394642 59.3224828 0 nan nan nan nan nan nan nan nan nan nan nan
536 zg 1809111300037325 5.0233262 59.3017404 0 nan nan nan nan nan nan nan nan nan nan nan
542 zg 1809111300004935 5.0231392 59.3036043 34 18.851675033569336 2.4034378305371504 0.046647975604371825 0.10218178658256735 0.9973025237642968 0.4390527925414482 0.40971297013548613 DSCT 0.58 1.0 0.037508582957210816
543 zg 806103100030030 5.1087813 59.2873589 367 228.28382873535156 1.5796494948139208 0.00019161369748185776 0.49915595143393593 0.9999469712346448 0.0803075252557215 0.09016769528041692 EB_ED 0.43 1.0 0.4991863836160364
"" zg 1809111300037383 5.1193042 59.2973133 0 nan nan nan nan nan nan nan nan nan nan nan
543 zg 1809111300005488 5.1088004 59.2873447 68 539.1012573242188 8.515527213509031 0.10706958476640056 338.735506111498 0.9973726905723661 0.23069135073933963 0.9409585228432287 NonVar 0.53 1.0 0.04234825869045775
542 zg 806103100020024 5.0230875 59.303614 207 26.21822738647461 2.088646046289991 0.011245530274834548 1.0350004133731447 1.000002109056518 0.1073449383797579 0.17011936359159135 DSCT 0.82 1.0 0.16398611081128203
545 zg 1809111300045912 5.1000095 59.2833345 0 nan nan nan nan nan nan nan nan nan nan nan
536 zg 806103100020070 5.0232064 59.3017511 7 nan nan nan nan nan nan nan nan nan nan nan
547 zg 1809111300047848 5.0922378 59.3268682 0 nan nan nan nan nan nan nan nan nan nan nan
549 zg 806103100019613 5.1113398 59.3191694 396 72.89253234863281 1.45455803476623 0.08362464847730058 0.10370267479914227 0.9999469712346448 0.04879685832547459 0.002139391259569887 EB_ED 0.61 1.0 0.07081574371627525
548 zg 1809111300004383 5.0374917 59.3218946 2 nan nan nan nan nan nan nan nan nan nan nan
549 zg 1809111300037191 5.1113872 59.3191658 65 39.98963928222656 1.0582286838770187 0.6074011401168619 0.19010776715661815 0.9973726905723661 0.18652597214247507 0.019462780803000995 NonVar 0.68 1.0 0.05673143074305104
550 zg 1809111300004328 5.0427146 59.3242001 66 75.1808090209961 1.7225179701500515 0.0835915920461096 0.14014036099863797 0.9973726905723661 0.24518578874170097 0.01971079508840883 NonVar 0.57 1.0 0.03728915804106377
550 zg 806103100019449 5.0426811 59.3242028 402 76.04773712158203 1.6846704270688382 0.02134642042570763 0.3327272817418906 0.9999661926656115 0.054688232259669976 0.4331602082263635 EB_ED 0.92 1.0 0.24975493786037486
553 zg 1809111300042617 5.0224406 59.3046003 2 nan nan nan nan nan nan nan nan nan nan nan
"" zg 1809111300028375 5.0612248 59.3286539 0 nan nan nan nan nan nan nan nan nan nan nan
548 zg 806103100036068 5.0371233 59.3219647 23 12.067903518676758 1.507939690689835 0.02022265123022031 1.623766583806503 0.9999648214745406 0.5993005494513856 0.17015669225840055 DSCT 0.82 1.0 0.07041665050914966
554 zg 1809111300045885 5.0299854 59.2903575 0 nan nan nan nan nan nan nan nan nan nan nan
553 zg 806103100029843 5.0222876 59.3046172 20 16.570613861083984 2.6972084971967285 0.005134439014889262 0.141205597672705 0.9973110276621147 0.7025043375934545 0.20222427225859285 DSCT 0.66 1.0 0.08405434842992904
554 zg 806103100042782 5.0299287 59.2903196 32 12.594837188720703 1.3905076831123855 0.0072904051421630285 1.0551816205542324 0.9972603445585522 0.5225353068073659 0.10856016109727534 DSCT 0.73 1.0 0.08542475465368327
556 zg 1809111300042635 5.022643 59.3004391 45 22.943910598754883 2.0109776708613194 0.0037208240648547164 0.34397119716277896 0.997328782152277 0.4342779587361555 0.188787339666114 DSCT 0.67 1.0 0.16694783827219506
556 zg 806103100040251 5.0226274 59.3004609 266 37.93607711791992 2.146331416928527 0.0017508034332003452 29.513727768225547 0.9999541023165953 0.09821495178656996 0.08816741616510133 NonVar 0.45 1.0 0.04914331066734985
552 zg 1809111300050073 5.1123728 59.2888519 21 17.563413619995117 1.754490283970016 0.14357316640231935 0.16144381664766663 0.9973297717756056 0.5572069829435534 0.010705754163289056 DSCT 0.64 1.0 0.1945402182121955
559 zg 1809111300028987 5.0905905 59.2801566 59 31.410310745239258 1.5093224195829706 0.013597679394617122 0.3914433383288383 0.9973726905723661 0.31984695616786096 0.11675271385962416 RRL_d 0.42 1.0 0.3914579741682935
"" zg 806103100049625 5.1185472 59.2942358 73 75.78611755371094 6.879697177267192 0.00423996076086302 0.336237390730603 0.9999648214745406 0.2850314788181091 0.10698487008900591 NonVar 0.4 1.0 0.03676039588135816
"" zg 1809111300037488 5.0441524 59.2825278 0 nan nan nan nan nan nan nan nan nan nan nan
558 zg 1809111300053733 5.1191078 59.2947152 5 nan nan nan nan nan nan nan nan nan nan nan
"" zg 1809111300047986 5.0947402 59.2808746 3 nan nan nan nan nan nan nan nan nan nan nan
"" zg 1809111300042740 5.0999046 59.2823956 0 nan nan nan nan nan nan nan nan nan nan nan
563 zg 1809111300051810 5.0960276 59.2811784 7 nan nan nan nan nan nan nan nan nan nan nan
564 zg 1809111300028374 5.0806674 59.3293203 18 11.070664405822754 1.5808937326122305 0.0018305319290837525 0.14101902755407908 0.9974024742840865 0.7969615007966195 0.3959437093630764 DSCT 0.59 1.0 0.03117184946402795
564 zg 806103100036017 5.0805408 59.3293409 143 21.772703170776367 1.9000011753780894 0.012283863570398847 29.43745197392435 0.9972455960820261 0.14880921945823988 0.2495503778729589 DSCT 0.89 1.0 0.0689148639183358
"" zg 806103100047185 5.1220412 59.307987 0 nan nan nan nan nan nan nan nan nan nan nan
569 zg 806103100036023 5.0562356 59.3284489 2 nan nan nan nan nan nan nan nan nan nan nan
570 zg 806103100048116 5.1145368 59.2897328 284 72.91768646240234 5.6482844032978194 0.00010423701498348377 0.3327260917765047 0.9999469712346448 0.10806699001471405 0.46330950954211264 EB_ESD 0.33 1.0 1.002495080593547
572 zg 806103100036273 5.1218605 59.2988305 51 25.899608612060547 3.8219991142281917 0.0024484846863080455 185.2213352127322 0.9999485953342961 0.3953649324907691 0.11598656226756032 NonVar 0.49 1.0 0.03161024899048137
573 zg 1809111300005624 5.0461798 59.2815953 1 nan nan nan nan nan nan nan nan nan nan nan
575 zg 1809111300028552 5.0234418 59.3113904 37 17.69672393798828 1.315027862336509 0.05049960459657031 0.1028038850507523 0.9973717030673795 0.41007267083686183 0.05513704164055129 DSCT 0.61 1.0 0.05254000918914856
"" zg 1809111300053677 5.119057 59.2939543 11 48.45947265625 5.420619824744092 0.00045878570470026734 0.10993724497491808 0.99729551964258 0.9691039380465805 0.5695241140487488 DSCT 0.62 1.0 0.04943358887297847
570 zg 1809111300028862 5.1145903 59.2896398 45 34.30674362182617 2.8804814101116722 7.676105089824742e-06 0.1297722228896632 0.997421842865076 0.5833816585435732 0.019613512761028143 DSCT 0.8 1.0 0.12976840806009599
575 zg 806103100029767 5.0233663 59.31139 242 43.80436706542969 2.7778621785342255 0.001347660832236937 0.11255768965964397 0.9999541023165953 0.10742241352556013 0.019375141196900852 NonVar 0.63 1.0 0.03264595789554298
"" zg 806103100029636 5.0375034 59.3229462 1 nan nan nan nan nan nan nan nan nan nan nan
572 zg 1809111300042656 5.1219947 59.2987067 6 nan nan nan nan nan nan nan nan nan nan nan
571 zg 806103100042622 5.0775726 59.3297451 0 nan nan nan nan nan nan nan nan nan nan nan
"" zg 806103100019526 5.0338194 59.321104 1 nan nan nan nan nan nan nan nan nan nan nan
"" zg 806103100029624 5.0388454 59.3236496 1 nan nan nan nan nan nan nan nan nan nan nan
576 zg 806103100029898 5.1230004 59.3022431 129 26.246444702148438 3.097982452541086 2.695526421615315e-06 0.5079038026260592 0.9999950230356446 0.26707726269697457 0.25131757718394554 NonVar 0.46 1.0 0.03165048134572323
569 zg 1809111300037095 5.0555753 59.3285656 0 nan nan nan nan nan nan nan nan nan nan nan
577 zg 1809111300050027 5.0212818 59.301151 4 nan nan nan nan nan nan nan nan nan nan nan
577 zg 806103100047200 5.021257 59.3012238 13 6.166651248931885 0.4711298515512313 0.004196946414153684 0.10461267685398519 0.9973963205369574 0.8484538874793135 0.04260306082613802 RRL_e 0.42 1.0 0.2573489569760026
576 zg 1809111300042633 5.1231459 59.3022379 18 15.536133766174316 2.5230040244769505 0.0016864218408247072 0.7790725346456986 0.9974156025634294 0.8043039688940744 0.12103133761788441 DSCT 0.89 1.0 0.047682933952143895
574 zg 806103100030003 5.1187962 59.2931766 282 150.608154296875 12.354105052545043 4.042892861714124e-06 1.0025915513346106 1.0000349216869426 0.1293306193217707 0.033242611263040435 CEPH_Other 0.45 1.0 1.0026114901997356
"" zg 1809111300037422 5.0273822 59.2911103 4 nan nan nan nan nan nan nan nan nan nan nan
580 zg 1809111300028420 5.0379753 59.3234371 0 nan nan nan nan nan nan nan nan nan nan nan
574 zg 1809111300037419 5.1187704 59.2930825 49 151.27627563476562 20.635900523859803 2.731336509224009e-05 0.1289170548564933 0.997421842865076 0.5259291391056484 0.36845337049215937 DSCT 0.55 1.0 0.055481721912495285
581 zg 1809111300004233 5.0509099 59.3277501 65 53.99601745605469 1.7266028383664291 0.12786827192952827 1.1384720378295619 0.9973726905723661 0.23944261943140155 0.07968314002763391 NonVar 0.37 1.0 0.06831797295081897
581 zg 806103100019365 5.0508798 59.3277664 400 73.42219543457031 1.9543610113734944 3.602054469265719e-05 0.9973284181763296 0.9999469712346448 0.08412488429908983 0.9333247657471658 NonVar 0.67 1.0 0.03494884022293591
"" zg 1809111300045803 5.1181278 59.315517 0 nan nan nan nan nan nan nan nan nan nan nan
585 zg 1809111300028378 5.0868859 59.3290435 0 nan nan nan nan nan nan nan nan nan nan nan
578 zg 806103100045229 5.1179382 59.2919572 113 46.60929870605469 3.0028785138371274 0.01778890503941137 0.17648635340915253 1.0000293615299205 0.17404457930472697 0.002919880323497975 DSCT 0.5 1.0 0.04906896719869877
586 zg 1809111300047898 5.0214676 59.3089103 1 nan nan nan nan nan nan nan nan nan nan nan
588 zg 806103100047160 5.0289584 59.3183409 5 nan nan nan nan nan nan nan nan nan nan nan
589 zg 1809111300029017 5.0753993 59.2776029 28 17.423080444335938 1.5853222603097838 0.0061370548570194895 0.1454312533975882 0.9973015296623872 0.5842143749520038 0.08334849728959072 DSCT 0.71 1.0 0.06863120100148012
