t_zg_0621.ecsv
# %ECSV 1.0
# ---
# datatype:
# - {name: SourceID, datatype: int32}
# - {name: filter, datatype: string}
# - {name: OID, datatype: string}
# - {name: RA, datatype: float64}
# - {name: DEC, datatype: float64}
# - {name: numobs, datatype: int32}
# - {name: DELTA_SIG_MAG, datatype: float64}
# - {name: CONST_CHI2, datatype: float64}
# - {name: sf, datatype: float64}
# - {name: LNP_SIG, datatype: float64}
# - {name: period, datatype: float64}
# - {name: period_c, datatype: float64}
# - {name: power, datatype: float64}
# - {name: power_c, datatype: float64}
# - {name: upsilon_class, datatype: string}
# - {name: upsilon_prob, datatype: float64}
# - {name: upsilon_flag, datatype: float64}
# - {name: upsilon_period, datatype: float64}
# schema: astropy-2.0
SourceID filter OID RA DEC numobs DELTA_SIG_MAG CONST_CHI2 sf LNP_SIG period period_c power power_c upsilon_class upsilon_prob upsilon_flag upsilon_period
[from data line 1249]
982 zg 806103100042787 5.1380439 59.2911214 21 25.589242935180664 5.7137654583455095 7.173825567588466e-16 0.004772375415510421 0.5133547625955387 0.9974745366929925 0.6824889273245275 0.5038840572986266 NonVar 0.44 1.0 0.06955370487329071
3032 zg 806103100047135 5.020874 59.3286819 2 nan nan nan nan nan nan nan nan nan nan nan nan
973 zg 1809111300045758 5.0232767 59.3299481 0 nan nan nan nan nan nan nan nan nan nan nan nan
987 zg 1809111300037032 5.0385233 59.3357157 1 nan nan nan nan nan nan nan nan nan nan nan nan
988 zg 1809111300037112 5.0171971 59.3267324 0 nan nan nan nan nan nan nan nan nan nan nan nan
990 zg 1809111300037006 5.0677953 59.3399715 1 nan nan nan nan nan nan nan nan nan nan nan nan
973 zg 806103100029556 5.023033 59.3299723 3 nan nan nan nan nan nan nan nan nan nan nan nan
983 zg 1809111300047963 5.0073451 59.2892454 2 nan nan nan nan nan nan nan nan nan nan nan nan
985 zg 806103100036185 5.0015944 59.3075182 117 40.24972152709961 3.7175557341733096 3.493359010606297e-45 5.223458636047418e-05 1.0350362978131589 0.9973311916810667 0.22178971808710865 0.28889396215845525 RRL_ab 0.4 1.0 0.4984334697098182
984 zg 1809111300042618 5.0012065 59.3041167 4 nan nan nan nan nan nan nan nan nan nan nan nan
985 zg 1809111300037267 5.001538 59.3074987 19 13.565704345703125 2.0934083621044306 0.003502454819813794 0.004207651640818204 0.10950624314218638 0.9971963309454909 0.7309498911452265 0.08503063483350701 DSCT 0.83 1.0 0.048666986827967905
992 zg 1809111300003946 5.0948075 59.3382061 66 92.25382995605469 1.2786269784720947 0.06181198348339422 0.16356627262646542 0.13397808520170662 2800.0 0.22362356620243043 0.018082539107859508 NonVar 0.56 1.0 0.08862872166592732
992 zg 806103100019057 5.0947751 59.3382129 355 181.22454833984375 1.9794570662989053 1.1335653592155333e-31 0.0016115412398704798 0.49928154116750806 0.999978193396444 0.06311267758801087 0.7875413845207235 EB_ED 0.79 1.0 0.0384660672079462
995 zg 1809111300037597 5.0642503 59.2678662 40 17.204626083374023 1.4088471731057164 0.04295215905093378 0.08448185836155848 0.10406691866403726 2800.0 0.35525679212228994 0.0030347283001852486 DSCT 0.71 1.0 0.05932181285659426
996 zg 1809111300004303 5.0138397 59.3246461 2 nan nan nan nan nan nan nan nan nan nan nan nan
997 zg 1809111300045796 5.0045052 59.3151684 4 nan nan nan nan nan nan nan nan nan nan nan nan
997 zg 806103100042665 5.004416 59.315119 41 25.756610870361328 3.647879186473299 7.240365779506911e-15 0.0007380680783938479 0.999873279480704 0.9973120568241021 0.4838068524855274 0.9376344971790678 DSCT 0.45 1.0 0.1907846041855958
998 zg 1809111300042761 5.126182 59.2802772 1 nan nan nan nan nan nan nan nan nan nan nan nan
3033 zg 1809111300037562 5.0405679 59.2712675 0 nan nan nan nan nan nan nan nan nan nan nan nan
994 zg 1809111300045942 5.0664378 59.2676117 0 nan nan nan nan nan nan nan nan nan nan nan nan
990 zg 806103100048620 5.0679567 59.3402452 10 8.385540008544922 1.1110360393870629 0.35053991256723654 0.01571485964418133 0.10675140159985308 0.11272648168597599 0.9349422345018719 0.12452502559322084 DSCT 0.58 1.0 0.032044298231661925
1002 zg 1809111300005124 5.0021328 59.2966047 0 nan nan nan nan nan nan nan nan nan nan nan nan
3034 zg 1809111300042717 5.1352816 59.2868811 10 8.620936393737793 0.9724761790033798 0.4649637166923666 0.011085200756157522 0.10218630740216275 2800.0 0.9198870547636951 0.9858286807372751 DSCT 0.62 1.0 0.04235952932356133
1005 zg 1809111300006022 5.0564951 59.268273 0 nan nan nan nan nan nan nan nan nan nan nan nan
3035 zg 1809111300042768 5.1231408 59.2783142 0 nan nan nan nan nan nan nan nan nan nan nan nan
1006 zg 806103100040133 5.0193345 59.328591 27 21.94222068786621 4.677240825353626 2.9594423130089322e-15 0.0005754626391124711 1.0027044521180934 0.9972226055563077 0.6414090026809202 0.38370983651491103 DSCT 0.55 1.0 0.03173274822868881
1007 zg 1809111300047864 5.0094433 59.3215967 1 nan nan nan nan nan nan nan nan nan nan nan nan
1008 zg 1809111300003884 5.0578452 59.3397451 62 59.98196792602539 2.0541432050974606 1.7043482090970486e-06 0.0014747284542242136 0.4983610812408773 2800.0 0.3530205117183243 0.3656111147647639 NonVar 0.35 1.0 1400.2451735999857
1008 zg 806103100018995 5.0577979 59.3397624 348 156.0749969482422 2.383125856058812 1.6609921002530252e-51 0.01768526390219605 1.0830941697143854 0.999978193396444 0.05456805973011378 0.004656193041870568 EB_ED 0.43 1.0 1.0830026039277296
1006 zg 1809111300028365 5.0194052 59.3288019 3 nan nan nan nan nan nan nan nan nan nan nan nan
1009 zg 806103100045276 5.1363799 59.2875546 106 20.254863739013672 1.3292268973420078 0.008773573187409869 0.0025757908798140234 246.95871971418293 0.9973205866989516 0.19698159327184933 0.12123384994734518 LPV_SRV_AGB_O 0.61 1.0 233.60582248125002
996 zg 806103100045088 5.0132087 59.324955 13 19.872512817382812 4.738736948954861 2.7096869283293748e-08 0.012854719820231291 0.10056245320916604 0.9973425677980082 0.8267079512839812 0.38908021385435565 DSCT 0.5 1.0 0.044718277381155074
3036 zg 1809111300037115 5.0151385 59.3263511 0 nan nan nan nan nan nan nan nan nan nan nan nan
1009 zg 1809111300042716 5.1364873 59.2875242 15 10.80824089050293 1.4157226821372704 0.12946187396635475 0.011101764474557766 0.326456365622204 0.9973292206359224 0.7844991437580373 0.2625716508269946 RRL_c 0.48 1.0 0.3264636525335852
3037 zg 1809111300028463 5.1345157 59.3222253 0 nan nan nan nan nan nan nan nan nan nan nan nan
1011 zg 1809111300037276 5.0002175 59.3067017 8 nan nan nan nan nan nan nan nan nan nan nan nan
1010 zg 1809111300028647 4.99996 59.303314 20 15.76180648803711 1.445982447938105 0.08935358374814677 0.004383530429231451 0.16232073313930528 2800.0 0.7113880363136162 0.025773648857958645 DSCT 0.72 1.0 0.049586036383607736
1011 zg 806103100029821 5.0001362 59.3066468 90 33.90829086303711 3.7560663913968253 2.384351967683147e-36 7.847177111972541e-05 0.5079513668276814 0.9973416975677689 0.2674132248050963 0.23582678060925563 CEPH_Other 0.54 1.0 1.035280433451278
3038 zg 1809111300053586 5.1289496 59.2811898 0 nan nan nan nan nan nan nan nan nan nan nan nan
1013 zg 1809111300028423 5.0107849 59.3233895 25 18.649078369140625 2.5800866432585474 2.4376818121580462e-05 0.015163131962231895 0.10257757305586895 2800.0 0.5607867026329836 0.1827735240361305 DSCT 0.59 1.0 0.03569532350277678
1007 zg 806103100045100 5.0088553 59.3217155 9 39.88517379760742 39.87535170908944 1.7338735372658307e-79 3.594609822503542e-05 21.983131507073292 0.9973166580318001 0.9825516292818932 0.40757735889014135 DSCT 0.5 1.0 0.04470060166272526
1013 zg 806103100019465 5.0107534 59.3233896 155 22.757469177246094 2.0670337772185654 1.2914286593665991e-15 6.708526628617182e-05 29.35574522092175 0.9973218028864248 0.17526532985492396 0.21810072353912796 EB_ESD 0.26 1.0 29.252822458139633
1010 zg 806103100029859 4.9997821 59.3033125 138 33.79912185668945 3.361119617223731 1.2525736914546017e-45 0.00020549553441965814 0.4986425431826175 0.9999772406131625 0.17159583543889895 0.41438803503335964 DSCT 0.89 1.0 0.0777243678804449
1016 zg 1809111300004523 5.0044572 59.3172337 63 36.338829040527344 1.3166228498651955 0.045675465229319374 0.010442596017758475 0.1621686443222161 2800.0 0.30348444163698957 0.00400463645388752 EB_ED 0.48 1.0 0.1621780372480873
1016 zg 806103100019636 5.0044198 59.3172297 326 72.90436553955078 1.9481537560434965 7.127965859877971e-27 0.02427697601949065 0.10044619606868224 1.0000030012839005 0.05739121968062387 0.012449562961678897 NonVar 0.44 1.0 0.07781758694417101
3039 zg 1809111300045740 5.0421395 59.3376248 0 nan nan nan nan nan nan nan nan nan nan nan nan
3040 zg 1809111300037531 5.1253148 59.2787088 0 nan nan nan nan nan nan nan nan nan nan nan nan
3041 zg 1809111300052804 5.1302729 59.2817131 0 nan nan nan nan nan nan nan nan nan nan nan nan
1018 zg 1809111300053426 5.1342696 59.2847424 49 24.346397399902344 1.8015643470391527 0.00044074546132296755 0.0025129398381601854 1.0245435941936238 2800.0 0.4031926344829674 0.04354515352428548 CEPH_Other 0.44 1.0 1.0243188144842712
1017 zg 1809111300004295 5.0120482 59.3248802 1 nan nan nan nan nan nan nan nan nan nan nan nan
1021 zg 1809111300037004 5.0849457 59.340457 64 69.44129180908203 1.1516215226716966 0.1873045806815811 0.5092131310549803 341.51591945928 2800.0 0.19028256724728795 0.9517531609814556 NonVar 0.75 1.0 0.049466392538947454
1021 zg 806103100040078 5.0849145 59.3404629 353 161.41842651367188 2.2261653296122876 3.400223259079904e-44 0.0004709126459186623 0.49672711228951694 0.999978193396444 0.06888795043631522 0.007917414036187974 NonVar 0.53 1.0 0.4967555782368484
1023 zg 1809111300037087 5.1217357 59.331074 14 10.752558708190918 1.2726300229678331 0.21525155989744693 0.014004499658637619 0.3243918422306589 2800.0 0.8055174401813536 0.28329344671071566 DSCT 0.59 1.0 0.06808138646417057
1024 zg 806103100042588 5.0662359 59.3409461 9 13.819409370422363 2.125956396479043 0.01935457937817212 0.015928512089450345 0.11239291970254872 0.2964552927181504 0.9026470525668463 0.0242276404628037 DSCT 0.35 1.0 0.03581353873704135
1015 zg 1809111300005195 5.0017358 59.2941871 0 nan nan nan nan nan nan nan nan nan nan nan nan
1023 zg 806103100036005 5.1217522 59.3311341 108 23.42792510986328 2.51292904479549 3.174974097293733e-17 0.0007316867983526459 0.3404733323774609 0.9973435743626328 0.22294881217457727 0.03186463931771728 DSCT 0.61 1.0 0.05362596207916564
1026 zg 806103100029563 5.1234356 59.3303237 333 72.57972717285156 2.22089618642008 6.1502472611654465e-40 0.009616549121344018 0.14336840855857558 0.9999897311965724 0.0611875870987198 0.020135956972555047 NonVar 0.51 1.0 0.14337075450491266
1026 zg 1809111300037091 5.1234708 59.3303291 59 26.65968132019043 0.9394362237914317 0.609281645734333 0.17440484895644007 0.17381178962285446 2800.0 0.2419045806327727 0.059860860808829526 DSCT 0.54 1.0 0.030297844330967317
1020 zg 806103100040077 5.0641007 59.3409075 282 46.2586784362793 2.2629098778352574 1.1044360730781184e-35 0.0002835726584125292 0.4999709526457501 0.999999021427641 0.09135993515514015 0.17479612719045906 DSCT 0.58 1.0 0.11144199721873653
1020 zg 1809111300003850 5.0641105 59.34091 54 32.32209777832031 2.392873602116348 4.165754763335788e-08 0.0079483848147341 0.598574411656313 2800.0 0.3543038704527145 0.002825446667287569 NonVar 0.44 1.0 0.032331505543882005
3042 zg 1809111300029123 5.0545444 59.2677201 0 nan nan nan nan nan nan nan nan nan nan nan nan
1028 zg 1809111300028249 5.0688608 59.3411211 11 14.118809700012207 2.3460852218525114 0.009167547472982833 0.0010867861268403912 0.10174358662674422 2800.0 0.9566296615216939 0.2956893198854765 EB_ESD 0.27 1.0 0.05290719542122748
1029 zg 1809111300045739 5.0463349 59.3387764 0 nan nan nan nan nan nan nan nan nan nan nan nan
3043 zg 1809111300051750 5.0067552 59.3206471 0 nan nan nan nan nan nan nan nan nan nan nan nan
1022 zg 1809111300037010 5.0931438 59.3396227 2 nan nan nan nan nan nan nan nan nan nan nan nan
1024 zg 1809111300047815 5.0663184 59.3411021 0 nan nan nan nan nan nan nan nan nan nan nan nan
1028 zg 806103100029436 5.0688998 59.3411945 102 27.848342895507812 2.712212698924789 4.9822757092456345e-21 0.0047438756452698495 3.278801931975065 0.9972709886187914 0.18857478816127993 0.00650917903446762 NonVar 0.56 1.0 0.03198804494659329
1032 zg 1809111300042471 5.1035085 59.337616 0 nan nan nan nan nan nan nan nan nan nan nan nan
1034 zg 1809111300029046 5.1201317 59.275713 0 nan nan nan nan nan nan nan nan nan nan nan nan
1035 zg 806103100019724 5.1416357 59.3155887 341 162.93727111816406 1.410385363423701 2.6930076909529544e-08 0.0004804374286385649 184.00860948682472 0.999978193396444 0.07038117247299866 0.008990409690036298 LPV_OSARG_RGB 0.31 1.0 187.99940656363634
1035 zg 1809111300004650 5.1416588 59.3155663 65 217.55056762695312 2.892050974703823 1.95085539836516e-14 0.2039196657527683 0.10217858891651459 2800.0 0.21589502017041648 0.1271952681219341 NonVar 0.67 1.0 0.10217784395796743
1036 zg 1809111300005923 5.0368187 59.2710763 26 20.035362243652344 2.1738811366210604 0.0004832682675531471 0.003788804409563883 0.10134454757739084 2800.0 0.6183887759206829 0.3390861704181083 DSCT 0.49 1.0 0.1128037318670425
1022 zg 806103100042590 5.0926466 59.3398229 3 nan nan nan nan nan nan nan nan nan nan nan nan
1040 zg 1809111300028970 5.1324382 59.2826049 56 22.291410446166992 1.0661922202981422 0.3425470505288857 0.042896735082110664 0.10970000782240329 2800.0 0.29920894182562996 0.0018819998946036404 DSCT 0.6 1.0 0.03323074303818494
1041 zg 1809111300045856 5.1452172 59.3008556 0 nan nan nan nan nan nan nan nan nan nan nan nan
1039 zg 806103100019834 5.1437887 59.3118781 320 93.38968658447266 2.1554181376599906 4.4393748437464344e-36 0.007940688265001855 1.0001232762722498 0.999978193396444 0.06310980736817867 0.8772959660837977 NonVar 0.6 1.0 0.041664436474629536
1039 zg 1809111300004752 5.1438121 59.3118452 62 41.043540954589844 1.5383479528818966 0.0038928719238907794 0.0030383039170881494 1.8163769808722074 2800.0 0.3359908852161306 0.014810237393616007 RRL_ab 0.53 1.0 0.6437908844137865
1038 zg 806103100040258 4.9993346 59.2989012 7 nan nan nan nan nan nan nan nan nan nan nan nan
3044 zg 806103100036201 4.998646 59.3055566 0 nan nan nan nan nan nan nan nan nan nan nan nan
1045 zg 1809111300005636 5.0141692 59.2807506 66 1356.245361328125 16.409731206325183 4.751463768531706e-192 0.859747792500308 341.51591945928 2800.0 0.15610471019435024 0.9479556784117246 NonVar 0.7 1.0 0.04234825869045775
3045 zg 1809111300028886 5.1393 59.2886507 0 nan nan nan nan nan nan nan nan nan nan nan nan
1038 zg 1809111300045853 4.9991642 59.2988574 1 nan nan nan nan nan nan nan nan nan nan nan nan
1043 zg 806103100020075 4.9986645 59.3013241 42 15.655682563781738 2.107321260696519 2.0572928594533866e-05 0.0009250150651242456 0.16169979506732263 0.9972781071422191 0.46038816581512404 0.02618078042032629 DSCT 0.58 1.0 0.03674975524646311
1046 zg 806103100045077 5.0201632 59.3305346 8 nan nan nan nan nan nan nan nan nan nan nan nan
3046 zg 1809111300006026 5.0987315 59.2688603 0 nan nan nan nan nan nan nan nan nan nan nan nan
1047 zg 806103100040265 5.1452022 59.2995373 202 34.131629943847656 2.143743625785536 7.621579433836429e-22 0.004512216048678742 0.12173397490449815 0.9973361226211772 0.10603156166537604 0.010663922308724786 DSCT 0.46 1.0 0.05641401561888682
1048 zg 806103100029474 5.0378363 59.3371749 25 12.212800025939941 1.6262072479868839 0.019465447459142454 0.0006203961986232133 0.5780121057012686 0.9973365942107215 0.6446959815737898 0.09168196624454644 DSCT 0.55 1.0 0.04085976892478647
1043 zg 1809111300004991 4.9986093 59.3013263 7 nan nan nan nan nan nan nan nan nan nan nan nan
1050 zg 806103100019217 5.1180457 59.3332717 96 16.597129821777344 1.2095402253719716 0.062631542088266 0.0048626481930138105 0.2779847420636676 0.9973150996523372 0.1975303008960182 0.017725368923861503 DSCT 0.66 1.0 0.04928914738193356
1047 zg 1809111300037366 5.145284 59.2995277 40 28.215173721313477 2.638242592292123 5.771455381537448e-08 0.010404438668595242 0.10945545383292304 2800.0 0.4253567022881129 0.1214082318564712 DSCT 0.5 1.0 0.12294859316261958
1048 zg 1809111300042466 5.0378138 59.3372135 3 nan nan nan nan nan nan nan nan nan nan nan nan
1046 zg 1809111300045757 5.0203335 59.3307095 0 nan nan nan nan nan nan nan nan nan nan nan nan
1053 zg 1809111300004065 5.0257989 59.3332338 63 30.36237907409668 1.3451770432937222 0.03422734356543043 0.4651788744049199 0.14621679745177782 2800.0 0.19776207761587755 0.02958749300476392 DSCT 0.69 1.0 0.046790255082536446
1050 zg 1809111300028335 5.1182173 59.3332957 15 57.8582649230957 99.76080582168525 8.546439768824456e-290 nan 0.12106646319523931 2800.0 5.497111059921596 0.9811640816348846 NonVar 0.45 1.0 0.034927976923472846
