t_zg_0418_original.ecsv
# %ECSV 1.0
# ---
# datatype:
# - {name: SourceID, datatype: int32}
# - {name: filter, datatype: string}
# - {name: OID, datatype: string}
# - {name: RA, datatype: float64}
# - {name: DEC, datatype: float64}
# - {name: numobs, datatype: int32}
# - {name: DELTA_SIG_MAG, datatype: float64}
# - {name: CONST_CHI2, datatype: float64}
# - {name: LNP_SIG, datatype: float64}
# - {name: period, datatype: float64}
# - {name: period_c, datatype: float64}
# - {name: power, datatype: float64}
# - {name: power_c, datatype: float64}
# - {name: upsilon_class, datatype: string}
# - {name: upsilon_prob, datatype: float64}
# - {name: upsilon_flag, datatype: float64}
# - {name: upsilon_period, datatype: float64}
# schema: astropy-2.0
SourceID filter OID RA DEC numobs DELTA_SIG_MAG CONST_CHI2 LNP_SIG period period_c power power_c upsilon_class upsilon_prob upsilon_flag upsilon_period
[from data line 5701]
4636 zg 806103400020897 4.9197341 59.2353976 30 9.056605339050293 1.0994338250048714 0.005728761976291564 0.10074234061800043 0.9974239149894694 0.5264931169200971 0.06176562180050368 DSCT 0.52 1.0 0.03905301573259119
4643 zg 1809111300002286 5.1695608 59.3949135 12 11.226875305175781 1.800541949574194 0.012739698094987106 0.10055825769396926 0.997294464033351 0.8884753504857581 0.36189605568523775 DSCT 0.57 1.0 0.09724864588853425
4643 zg 806103100035548 5.1695247 59.3949686 88 20.639484405517578 2.0133109079470586 0.0008244293865832756 1.0349983880031564 0.9973485836331833 0.2792431357700307 0.3418822208726126 DSCT 0.59 1.0 0.1115294852743546
4644 zg 1809111300028999 4.8765707 59.2757094 0 nan nan nan nan nan nan nan nan nan nan nan
4638 zg 1809111300007103 5.2256556 59.2360097 19 11.823698043823242 1.0900689534525942 0.07721514879178408 0.17544109904717128 0.9972775350033418 0.6303226840477212 0.4099362285433991 DSCT 0.5 1.0 0.04269056272331108
4647 zg 1809111300003817 5.2584572 59.3455209 8 nan nan nan nan nan nan nan nan nan nan nan
4647 zg 806103100029411 5.25845 59.3455341 61 24.457504272460938 2.316988764410432 0.003704767634620856 0.9956964066643353 0.9972878914760246 0.32900057629903046 0.20571945291395632 DSCT 0.44 1.0 0.033380519220515194
4651 zg 806103400001476 5.1187061 59.2028521 386 51.3245849609375 1.534262407432872 0.0006350185495740911 0.11087533237977154 0.9999348120575894 0.07342332184939677 0.0022914791264892096 NonVar 0.43 1.0 0.11087542574154975
4640 zg 806103400001506 5.1016156 59.2011808 7 nan nan nan nan nan nan nan nan nan nan nan
"" zg 1809111300047683 4.9725755 59.3944742 0 nan nan nan nan nan nan nan nan nan nan nan
4652 zg 806103100018674 5.249837 59.3544623 417 196.9737548828125 1.4990511152825279 0.00048074200749333553 0.49834911308614194 0.9999469712346448 0.06835975768817594 0.008872722488508433 EB_ED 0.91 1.0 0.4983538726491334
4652 zg 1809111300003540 5.2498626 59.3544478 68 743.476318359375 23.03444128365832 0.18554551916839898 338.735506111498 0.9973726905723661 0.21606907228259378 0.9409585228432289 NonVar 0.42 1.0 0.04234825869045775
4651 zg 1809111300029827 5.1187521 59.2028248 60 32.297828674316406 1.0512309766577714 0.06228994278477743 0.9973726905723661 0.9973726905723661 0.2767285530554346 0.9964384843168058 NonVar 0.46 1.0 0.24535573394077198
4645 zg 806103100036034 5.269927 59.3282395 1 nan nan nan nan nan nan nan nan nan nan nan
4653 zg 1809111300029735 5.1693057 59.2126922 4 nan nan nan nan nan nan nan nan nan nan nan
4650 zg 806103100049828 4.8697399 59.315181 6 nan nan nan nan nan nan nan nan nan nan nan
"" zg 1809111300049848 5.2285915 59.3704011 2 nan nan nan nan nan nan nan nan nan nan nan
4653 zg 806103400021213 5.1695221 59.2127054 26 15.471692085266113 1.8529471045728607 0.02025887393969914 0.21714764578771453 0.9974275054232822 0.5654910709752623 0.17613781357124883 DSCT 0.56 1.0 0.0359225616854852
4654 zg 1809111300007301 4.9393053 59.225204 67 76.19451904296875 0.9741735442284732 0.035692223177086646 1.4469322633824735 0.9973726905723661 0.2663932335807098 0.020073443855497752 NonVar 0.46 1.0 0.06761529642184488
4654 zg 806103400000864 4.9392612 59.2252143 377 145.92214965820312 2.078062023029737 7.073349246813584e-08 344.5551077608022 0.9999469712346448 0.1124964694114077 0.2900895861250022 EB_ED 0.62 1.0 0.9963242978456002
4645 zg 1809111300051747 5.2699881 59.3283885 1 nan nan nan nan nan nan nan nan nan nan nan
4655 zg 806103400001535 5.0785986 59.2000219 410 379.03607177734375 3.4566543523073667 1.5056074641252168e-19 344.5551077608022 0.9999469712346448 0.2062698781084143 0.3079167159642441 LPV_OSARG_RGB 0.5 0.0 323.7223697749996
4655 zg 1809111300008183 5.0786023 59.2000053 68 1196.884033203125 19.64071195990417 0.3793805899091038 338.735506111498 0.9973726905723661 0.19424429413725375 0.9409585228432285 NonVar 0.61 1.0 0.04234825869045775
4659 zg 806103100045184 4.8692434 59.2948961 4 nan nan nan nan nan nan nan nan nan nan nan
"" zg 806103400021019 4.9366657 59.2263201 0 nan nan nan nan nan nan nan nan nan nan nan
"" zg 1809111300047865 5.2712614 59.325722 0 nan nan nan nan nan nan nan nan nan nan nan
4661 zg 1809111300029374 5.2419226 59.2466036 7 nan nan nan nan nan nan nan nan nan nan nan
4663 zg 806103400030197 5.1750459 59.214205 50 27.60802459716797 3.7086102311448945 0.00460594977924925 0.12274454066131915 0.9972714128360396 0.382915607120755 0.03856153289713856 DSCT 0.42 1.0 0.03304687376892261
4664 zg 806103100029224 4.8980839 59.3581051 72 22.85075569152832 2.5020821548811476 0.0005330815031725442 1.0346946232468754 0.9973951996895906 0.33214414874756826 0.32557329798093027 DSCT 0.58 1.0 0.05824596020184899
4657 zg 1809111300027524 5.0466302 59.4070835 0 nan nan nan nan nan nan nan nan nan nan nan
4664 zg 1809111300003240 4.8980725 59.3581099 14 12.282522201538086 1.7711163802443934 0.013563950534815742 0.10279323892423504 0.9974697673851077 0.8345812585015833 0.18905332417912718 DSCT 0.69 1.0 0.05689678503910138
4658 zg 1809111300028268 5.2616034 59.3422219 0 nan nan nan nan nan nan nan nan nan nan nan
"" zg 1809111300037435 4.8713205 59.2861138 0 nan nan nan nan nan nan nan nan nan nan nan
4661 zg 806103400000417 5.2420137 59.2465544 43 14.970327377319336 2.0145800291011042 0.006441688366777342 0.30394788834604125 0.9972944275635824 0.40593280204144333 0.09114621943497135 DSCT 0.49 1.0 0.03175100594911944
4667 zg 806103400021306 5.020114 59.2032847 351 45.818565368652344 1.661442927404323 0.0011087416096039829 0.14061697705541157 0.9999587191800864 0.07722409855111997 0.002194373958210401 DSCT 0.62 1.0 0.14061908218516908
4665 zg 806103100028913 4.9552825 59.3892225 177 35.357967376708984 2.6113107803666247 0.00045988057066501326 1.0321112706492093 1.0000349216869426 0.1561139202899125 0.25034115425467385 NonVar 0.49 1.0 0.04024421581951712
4665 zg 1809111300002337 4.9553451 59.3892472 24 13.042993545532227 1.5102749524069332 0.00015383414616020462 0.248034274156053 0.9973015298770976 0.7585328624801657 0.17418708012682246 DSCT 0.74 1.0 0.1718747769458864
4669 zg 806103400042114 5.0465856 59.2006458 64 13.37649917602539 1.1525411537493901 0.004387191181471377 0.20054850176004752 0.9973334575567547 0.31428967378863326 0.05020877570519694 DSCT 0.84 1.0 0.20054723909415967
4667 zg 1809111300008076 5.0202068 59.2032584 57 20.975427627563477 1.053537818872402 0.06290167555428627 0.1100049070869636 0.9973726905723661 0.28570552798527965 0.0008696502169660386 DSCT 0.72 1.0 0.04967346034268636
4663 zg 1809111300046073 5.175009 59.2140993 6 nan nan nan nan nan nan nan nan nan nan nan
4668 zg 806103100029525 5.2662945 59.3357021 1 nan nan nan nan nan nan nan nan nan nan nan
4669 zg 1809111300029839 5.0464276 59.2006369 4 nan nan nan nan nan nan nan nan nan nan nan
"" zg 806103100035442 5.0460867 59.4071307 0 nan nan nan nan nan nan nan nan nan nan nan
4659 zg 1809111300028731 4.8689176 59.2950897 0 nan nan nan nan nan nan nan nan nan nan nan
"" zg 806103400036059 4.9922895 59.2080955 0 nan nan nan nan nan nan nan nan nan nan nan
4677 zg 806103400001161 4.9705852 59.2135125 396 129.37330627441406 2.1366638802711106 0.015579661972957654 0.10115478282468772 0.9999541023165953 0.05661241133606307 0.0020220578629563547 NonVar 0.25 1.0 959.1545659500007
4677 zg 1809111300007696 4.9706127 59.2135025 67 69.61827087402344 1.9194719340704598 0.0018765898833923004 0.13787187222785707 0.9973726905723661 0.3345505221796119 0.1282082779674694 NonVar 0.63 1.0 0.06974721924686121
4679 zg 1809111300008050 5.0149811 59.2038374 51 20.003414154052734 1.2677246942203677 0.03351348369328078 0.10094766228469902 0.9973307368133587 0.33239053045538147 0.042987259097030044 DSCT 0.71 1.0 0.04194126021072845
4679 zg 806103400030260 5.0149989 59.2038311 323 35.5859489440918 1.6514864639043094 4.146457893095047e-06 27.249800070020612 0.9999541023165953 0.11525634160163993 0.01692676908926905 EB_ESD 0.27 1.0 27.21005860851066
4680 zg 806103400021242 5.1626248 59.2104988 297 30.785694122314453 1.6125309448035632 0.0027996735156109913 1.0320718999277751 0.9999541023165953 0.08581308585226359 0.04703297691698538 NonVar 0.6 1.0 0.03040808318710324
4682 zg 1809111300028319 5.2657875 59.3370824 0 nan nan nan nan nan nan nan nan nan nan nan
4680 zg 1809111300007904 5.1626555 59.2104663 53 27.258750915527344 2.326814516722286 0.0002427891431808726 0.3273637047312879 0.9973717276003407 0.44977940787373194 0.047294816987313304 RRL_c 0.36 1.0 0.3273892493336448
4681 zg 806103100020156 5.2762589 59.3011642 68 23.091947555541992 2.944981495729996 0.009524672601470835 0.5079558711963291 0.4993308590986185 0.2787866116350531 0.38768955178497144 NonVar 0.52 1.0 0.0365346923777896
4681 zg 1809111300037370 5.2762699 59.301203 8 nan nan nan nan nan nan nan nan nan nan nan
4668 zg 1809111300028333 5.266733 59.3356963 0 nan nan nan nan nan nan nan nan nan nan nan
"" zg 806103100029467 5.2633232 59.3407871 0 nan nan nan nan nan nan nan nan nan nan nan
4686 zg 806103100029211 5.2410421 59.3627198 88 30.439525604248047 3.004671621416628 6.127259659035373e-05 0.9972726436923005 0.9972726436923005 0.3173687585813383 0.9610026370959481 NonVar 0.55 1.0 0.03414892073161814
4686 zg 1809111300036893 5.2410725 59.362702 8 nan nan nan nan nan nan nan nan nan nan nan
4687 zg 806103100018727 4.8872188 59.3485804 99 28.66754913330078 2.5247599732841217 5.585787415487157e-05 1.0000053749611875 0.9974626358887922 0.2850196881631552 0.9358574717642589 NonVar 0.52 1.0 0.03977079666279433
4684 zg 1809111300045920 4.8748881 59.2764723 2 nan nan nan nan nan nan nan nan nan nan nan
4688 zg 806103400000486 5.2385613 59.2434022 363 219.50917053222656 3.4605180556262236 0.018868160734588375 0.2013524966376598 0.9999469712346448 0.059798310499919585 0.02239682002427935 NonVar 0.58 1.0 0.2040588557703417
4689 zg 1809111300005303 4.8697458 59.2889836 68 689.9370727539062 15.144167605141856 0.046884850780448226 338.735506111498 0.9973726905723661 0.251496415494925 0.9409585228432285 NonVar 0.52 1.0 0.04234825869045775
4689 zg 806103100030011 4.8697404 59.2889844 111 176.43270874023438 3.2263174551882234 5.897512477470163e-06 0.9938096391843197 0.9985245679930883 0.276188404560258 0.04598792837944262 EB_ED 0.71 1.0 0.9932214808988687
4687 zg 1809111300003536 4.8871697 59.3486055 30 13.926858901977539 1.268905506169941 0.021840288523459726 0.3599809455610936 0.9973005357751848 0.5125915343252118 0.26597379307912866 DSCT 0.57 1.0 0.19956291143308197
4688 zg 1809111300006864 5.2385821 59.2433795 65 41.162960052490234 1.2831284295293117 0.0034709934732645637 0.5752540008236314 0.9973726905723661 0.3287793335952443 0.015638670438833498 DSCT 0.85 1.0 0.08828227561944302
4692 zg 806103100017323 5.1396921 59.4024443 1 nan nan nan nan nan nan nan nan nan nan nan
4694 zg 806103400001420 5.1405811 59.205527 397 60.12419509887695 1.6782083309104086 0.3024741589864075 0.10421345313015971 0.9999469712346448 0.042030088394320084 0.0017674007004197343 NonVar 0.61 1.0 0.0341371264130549
4695 zg 1809111300001863 5.0276796 59.4058348 7 nan nan nan nan nan nan nan nan nan nan nan
4694 zg 1809111300008065 5.1405985 59.205511 65 28.971031188964844 0.9651159971477744 0.16389589418765418 27.1714243998724 0.9973726905723661 0.23224326371015083 0.13992870809003502 NonVar 0.69 1.0 0.030872325019842706
4696 zg 1809111300051848 5.2236935 59.2338563 23 15.396010398864746 1.4173956933139624 0.014429035294057266 0.11012303814948 0.9973307368133587 0.633193531909466 0.026227732136355698 DSCT 0.48 1.0 0.030504316341724274
4695 zg 806103100044888 5.0276349 59.4058468 50 16.281431198120117 1.656795963712815 0.010792337277180965 0.11608136407331159 1.0000076525288093 0.3596718760069315 0.023613314998139123 EB_EC 0.24 1.0 1.3427105537210982
"" zg 806103400036067 4.9949149 59.2071495 3 nan nan nan nan nan nan nan nan nan nan nan
"" zg 1809111300047728 4.9165074 59.3718977 0 nan nan nan nan nan nan nan nan nan nan nan
4692 zg 1809111300036638 5.1399288 59.4025268 0 nan nan nan nan nan nan nan nan nan nan nan
4703 zg 1809111300002201 4.9688571 59.3942117 36 23.58871841430664 2.3537348395753313 0.0002370378876682686 0.324315976964577 0.9973726905723661 0.5896583136070479 0.46931010610016394 RRL_ab 0.81 1.0 0.48002919904010477
"" zg 806103100042412 5.1248226 59.4049379 1 nan nan nan nan nan nan nan nan nan nan nan
4703 zg 806103100017498 4.9687284 59.3942306 234 30.760482788085938 1.9874880787542037 0.0001239024817631811 1.035079074553669 0.9999541023165953 0.1321596767954994 0.16820750753215058 RRL_e 0.34 1.0 0.28127699881231694
4705 zg 806103400029981 5.2408096 59.2446763 3 nan nan nan nan nan nan nan nan nan nan nan
"" zg 806103100042404 5.1026561 59.4073241 0 nan nan nan nan nan nan nan nan nan nan nan
"" zg 1809111300042752 4.8740729 59.2769929 0 nan nan nan nan nan nan nan nan nan nan nan
"" zg 806103100045206 4.8685774 59.2914429 0 nan nan nan nan nan nan nan nan nan nan nan
4706 zg 806103400039779 5.1455544 59.2062128 6 nan nan nan nan nan nan nan nan nan nan nan
4708 zg 806103400030196 4.9738947 59.2120291 352 53.25128173828125 2.6406670299416573 0.03603698669706876 0.4991412439031911 0.9999348120575894 0.05965995723925403 0.04669130326129288 EB_ED 0.33 1.0 0.4991689715838509
4708 zg 1809111300043039 4.9739624 59.2120075 60 31.43222427368164 2.269077634348614 0.001298679075694824 0.10600743413166938 0.9973726905723661 0.3747095347022035 0.04922028366365989 DSCT 0.68 1.0 0.03604234681081044
4709 zg 1809111300006993 5.2334246 59.2393694 8 nan nan nan nan nan nan nan nan nan nan nan
4711 zg 806103400036108 5.0545172 59.1995807 65 28.686431884765625 3.407899963546147 0.0004007649633183422 1.0350218416224353 0.9972726436923005 0.354241040207598 0.5152806329630811 DSCT 0.47 1.0 0.10766498227268767
4712 zg 806103100017426 5.1583 59.3989159 331 51.10576248168945 2.054340217580151 0.0001482819595368374 29.513727768225547 0.9999541023165953 0.09405895116816498 0.04099382697752474 EB_ED 0.29 1.0 1.0349658116536289
4710 zg 1809111300002487 5.1940105 59.3881389 68 83.81411743164062 0.9829568308421925 0.007582820761425089 0.19452891871657377 0.9973726905723661 0.299654419766625 0.004059150021624381 NonVar 0.56 1.0 0.03384851028814508
4710 zg 806103100017705 5.1939936 59.3881504 418 149.56814575195312 1.3471643528998578 0.004788185444365441 1.0027345860407038 0.9999469712346448 0.05853988408663001 0.017834799461239052 EB_ED 0.97 1.0 1.002753855782136
4712 zg 1809111300002147 5.158362 59.3989142 47 25.420818328857422 2.4395042593457843 0.00031512784016766516 2.1833330791693357 0.9973726905723661 0.4855001288167437 0.007914617080934917 DSCT 0.41 1.0 0.21923362667918986
"" zg 1809111300051687 5.1120439 59.4066068 0 nan nan nan nan nan nan nan nan nan nan nan
4714 zg 806103100048113 4.8696481 59.2870411 1 nan nan nan nan nan nan nan nan nan nan nan
4715 zg 1809111300004364 4.8692025 59.3196508 13 15.029085159301758 2.97777964590772 nan 0.12363523201613896 0.10999819469490357 1.5690333909307563 0.9946210980591156 DSCT 0.57 1.0 0.11233015415397299
4715 zg 806103100019517 4.8691928 59.3196374 39 19.214092254638672 2.0062756677807374 0.023081953314441024 0.11784100253731468 0.9986645064429857 0.4112124693785272 0.017171700712687053 RRL_c 0.38 1.0 0.3290827546153872
"" zg 1809111300029762 4.9941524 59.2070111 0 nan nan nan nan nan nan nan nan nan nan nan
4709 zg 806103400000584 5.2334946 59.2393054 43 16.46976661682129 1.8293264873535622 0.010100301182593356 1.0349906367767165 0.99737157659329 0.40299490708421554 0.2864757223875312 DSCT 0.74 1.0 0.05235769444538672
4719 zg 806103100017363 4.9874274 59.3993514 233 37.35713577270508 2.5174019179054525 2.5630908688144174e-13 1.0350346748645487 0.9999878895415745 0.2676421465976751 0.14853644719085055 CEPH_Other 0.51 1.0 1.0349642400977999
