t_zg_0109.ecsv
# %ECSV 1.0
# ---
# datatype:
# - {name: SourceID, datatype: int32}
# - {name: filter, datatype: string}
# - {name: OID, datatype: string}
# - {name: RA, datatype: float64}
# - {name: DEC, datatype: float64}
# - {name: numobs, datatype: int32}
# - {name: DELTA_SIG_MAG, datatype: float64}
# - {name: CONST_CHI2, datatype: float64}
# - {name: sf, datatype: float64}
# - {name: rmse, datatype: float64}
# - {name: LNP_SIG, datatype: float64}
# - {name: period, datatype: float64}
# - {name: period_c, datatype: float64}
# - {name: power, datatype: float64}
# - {name: power_c, datatype: float64}
# - {name: mean, datatype: float64}
# - {name: std, datatype: float64}
# - {name: min, datatype: float64}
# - {name: max, datatype: float64}
# - {name: sigma_mean, datatype: float64}
# - {name: sigma_std, datatype: float64}
# - {name: gaussian1_err, datatype: float64}
# - {name: gaussian2_err, datatype: float64}
# - {name: gumbel_err, datatype: float64}
# - {name: g2_flag, datatype: float64}
# - {name: Pg1g2, datatype: float64}
# - {name: Pgug2, datatype: float64}
# - {name: Pg1gu, datatype: float64}
# - {name: shape, datatype: string}
# - {name: upsilon_class, datatype: string}
# - {name: upsilon_prob, datatype: float64}
# - {name: upsilon_flag, datatype: float64}
# - {name: upsilon_period, datatype: float64}
# - {name: identifier, datatype: string}
# - {name: dist, datatype: float64}
# - {name: type, datatype: string}
# - {name: Gaia_count, datatype: int32}
# - {name: Gmag, datatype: float64}
# - {name: RFG, datatype: float64}
# - {name: Plx, datatype: float64}
# - {name: e_Plx, datatype: float64}
# - {name: var, datatype: string}
# schema: astropy-2.0
SourceID filter OID RA DEC numobs DELTA_SIG_MAG CONST_CHI2 sf rmse LNP_SIG period period_c power power_c mean std min max sigma_mean sigma_std gaussian1_err gaussian2_err gumbel_err g2_flag Pg1g2 Pgug2 Pg1gu shape upsilon_class upsilon_prob upsilon_flag upsilon_period identifier dist type Gaia_count Gmag RFG Plx e_Plx var
[from data line 502]
743 zg 806103100019500 5.1180062 59.3231388 348 140.6002197265625 1.030057349894715 0.9999999999999987 0.020604122430086136 0.012483415422672983 0.49815220168425606 1.0000143393856216 0.06814386273946568 0.01986234922671828 16.79681396484375 0.020604122430086136 16.729707717895508 16.845796585083008 -0.00489669619128108 1.0135142803192139 0.22925550565879418 0.07683674091533091 2.2184841247478144 1.0 0.0642122788369135 0.0007295667436433284 0.9961212336945758 g1 NonVar 0.95 1.0 0.047626340047669545 "" nan "" 1 15.954335 2963.94 0.8165 0.0335 N
2988 zg 806103100045147 5.0129459 59.3075447 23 11.600311279296875 1.869733443101884 0.5476136198589909 0.26125696301460266 0.0003616683647726371 0.1450494523145331 0.9973425677980082 0.747486340710967 0.06585991838350883 21.604764938354492 0.26125696301460266 21.123123168945312 22.0518798828125 -0.10782986879348755 1.350645661354065 0.5384853332201895 0.9220853514801227 0.543073847915722 1.0 0.9922183897963767 0.9873873708444751 0.504321310076193 g1 DSCT 0.78 1.0 0.09173649862182577 "RSMV  6" 0.760029 WR* 0 0.0 0.0 0.0 0.0 N
750 zg 806103100036281 5.1309913 59.2982123 318 99.44200134277344 2.164498350805493 0.14896758553055334 0.0894961953163147 0.04000720307305628 8.949696869455577 1.0000143393856216 0.0667131642551337 0.0015323787808483931 19.443532943725586 0.0894961953163147 18.841787338256836 19.70709800720215 -0.07797929644584656 1.4760977029800415 0.006316741069149089 0.0013981254995214206 0.16086896011918997 1.0 0.02869765821602943 4.616924375122622e-05 0.999818742764011 g1 NonVar 0.66 1.0 0.03393878741928485 "" nan "" 1 18.51775 768.092 0.0024 0.1359 N
751 zg 1809111300029057 5.0892085 59.2745484 66 115.1028060913086 1.8574369001816762 0.6396704844657123 0.05020541697740555 0.0742869429986655 0.15147447132079683 2800.0 0.2509686907915896 0.028864362040024606 18.27483558654785 0.05020541697740555 18.145605087280273 18.461406707763672 -0.038093190640211105 1.354062795639038 0.6801007780309405 0.4610535295356405 1.23617081255659 1.0 0.24188304936999905 0.07885148723799096 0.7756149874175973 g1 EB_ED 0.79 1.0 0.0608961108810988 "" nan "" 1 17.347542 1257.83 0.3558 0.0727 N
747 zg 806103100036006 5.0402978 59.3298637 29 11.320778846740723 1.501685101703681 0.8243640777795848 0.22261211276054382 0.0007186993395567392 0.10470920811146632 0.9973719446933512 0.6317394356649997 0.06939035707923646 21.520872116088867 0.22261211276054382 21.024616241455078 21.845455169677734 -0.08479215949773788 1.2136410474777222 0.17534412222505882 0.2923379603500754 0.1736655537918288 1.0 0.9750118275030663 0.9818384975094094 0.4951011592915582 gu DSCT 0.79 1.0 0.10471074257895795 "[GTA2012] 14" 0.345537 PN?_Candidate 0 0.0 0.0 0.0 0.0 N
750 zg 1809111300005143 5.1310381 59.298197 63 36.38164138793945 1.1194358947015122 0.9980375088766366 0.07810267806053162 0.14173767832095882 1.8450981842660412 2800.0 0.24258406035001925 0.026943304755892024 19.4335994720459 0.07810267806053162 19.231088638305664 19.65515899658203 -0.05504010245203972 1.0539162158966064 0.361940582508057 0.15852627166141103 0.8391229078498477 0.0 0.10713863222205822 0.021048308483693767 0.8551630941849564 g1 NonVar 0.5 1.0 1.844855301185752 "" nan "" 1 18.51775 768.092 0.0024 0.1359 N
754 zg 806103100020081 5.0121449 59.3012448 11 6.950027942657471 1.0304384760038996 0.8807821574734158 0.2067832052707672 0.0023806391503505622 0.10546028589472292 1.0000225915423366 0.9500106612105116 0.37989176732093977 21.767560958862305 0.2067832052707672 21.483810424804688 22.1060791015625 -0.058730676770210266 0.9730378985404968 1.4810434569909845 1.1036553697118519 1.422257526232144 0.0 0.28701834113052205 0.3085862411806124 0.4793826393194789 gu EB_EC 0.55 1.0 0.04156445450778695 "" nan "" 0 0.0 0.0 0.0 0.0 N
759 zg 1809111300004087 5.0514838 59.3327472 34 17.499053955078125 1.8153091636103227 0.619625488537199 0.1937970370054245 0.28287002377132686 0.10058600643967858 2800.0 0.36116070599436506 0.1622664978082247 20.60464096069336 0.1937970370054245 20.149105072021484 20.995689392089844 -0.12670201063156128 1.3472845554351807 0.1912686124249631 0.20384177348089555 0.27001260113085096 1.0 0.5321523044828471 0.29378492927189725 0.6697134864601159 g1 DSCT 0.57 1.0 0.0376292789910739 "" nan "" 1 19.45937 435.488 0.3081 0.2734 N
759 zg 806103100019212 5.0514916 59.3327603 231 28.37413215637207 1.7340758424264389 0.9300576496891502 0.16866812109947205 8.730599043846119e-05 29.56515587332356 1.0000143393856216 0.1371102078048539 0.06628312205290311 20.62076759338379 0.16866812109947205 20.021562576293945 21.102081298828125 -0.10343994200229645 1.3277477025985718 0.10342731300024886 0.038363420888599356 0.24050052631164584 0.0 0.07802396073587192 0.015096840542540013 0.8559921482347154 g2 NonVar 0.66 1.0 0.07363449675 "" nan "" 1 19.45937 435.488 0.3081 0.2734 N
760 zg 806103100045212 5.1287707 59.2935447 111 56.08869171142578 1.0552130142268112 0.9999905842204782 0.05587777495384216 0.029734425066941992 2.529559125121384 0.997353811843322 0.17122510920435652 0.018920043031691182 19.10662841796875 0.05587777495384216 18.925168991088867 19.2702693939209 -0.03474854305386543 1.0244693756103516 0.20678375476827807 0.10833262198325906 0.28944610102003443 1.0 0.15019532006133918 0.07938158203544199 0.6658029232971345 g1 NonVar 0.65 1.0 0.04232354462223059 "" nan "" 1 18.111897 947.156 0.3179 0.1096 N
760 zg 1809111300047954 5.1287631 59.2935235 35 51.31650924682617 2.117671446058202 0.3750320292348952 0.08790960162878036 0.011987100746436444 0.18629925136405395 2800.0 0.483304137156227 0.2856545983314902 19.09491729736328 0.08790960162878036 18.940473556518555 19.337779998779297 -0.08369174599647522 1.4412808418273926 0.5248552598468205 0.34840288943530306 0.7841181488819948 1.0 0.23277999348286615 0.11009799896773975 0.6952685776294578 g1 DSCT 0.33 1.0 0.08372160355156943 "" nan "" 1 18.111897 947.156 0.3179 0.1096 N
755 zg 806103100040336 5.125372 59.289389 83 23.95250129699707 2.6099494145518287 0.03177058753147344 0.2391538918018341 0.008048551170325515 0.6234969742164427 0.9972272938031994 0.24367176201173976 0.011489498310926955 21.085281372070312 0.2391538918018341 20.344133377075195 21.691757202148438 -0.14215533435344696 1.6281934976577759 0.17937070536464933 0.04085630091937708 0.2822072817354504 0.0 0.030350731950214094 0.012472824270054361 0.7177570352563589 g2 NonVar 0.48 1.0 0.03048320800216374 "[HL90] 133" 0.215833 HII 1 20.729319 79.2829 1.7446 1.8886 N
753 zg 806103100040236 5.0116219 59.3042343 38 14.174041748046875 2.2186598108809252 0.2959389981716832 0.2646506726741791 0.002236578653631133 0.11950135360141044 0.9973590471353544 0.4901868074889958 0.011312912828195524 21.33589744567871 0.2646506726741791 20.843246459960938 21.807239532470703 -0.13113269209861755 1.4880834817886353 0.27525659484316 0.43213192321871563 0.2804573912725072 0.0 0.9225734564460366 0.9040890172141973 0.509532063674932 g1 CEPH_Other 0.25 1.0 0.6397110185986176 "" nan "" 1 21.010513 37.2666 nan nan N
763 zg 806103100019655 5.1258089 59.3180761 174 27.22417449951172 2.151815283673922 0.23322560314660917 0.20843297243118286 5.738696622997907e-12 1.0350493260534217 1.0000175167475613 0.32324932419935687 0.160570109929684 20.891197204589844 0.20843297243118286 20.131664276123047 21.35728645324707 -0.12223398685455322 1.4801273345947266 0.031916060644478696 0.016237022447446094 0.09586759086962873 0.0 0.14215240845944344 0.016985531179008473 0.9149963271670387 g1 CEPH_Other 0.34 1.0 1.035146447931033 "" nan "" 1 19.754107 326.131 -0.1671 0.3104 N
764 zg 806103100048933 5.013216 59.2967636 34 26.974149703979492 4.016355933150416 0.000438636505956543 0.2882773280143738 0.010658788933234568 387.36976778196146 0.49930013715059135 0.48157776072116437 0.6514498907188107 21.106138229370117 0.2882773280143738 20.198246002197266 21.57592010498047 -0.21036949753761292 2.0167644023895264 0.07786096668981822 0.06392244741374337 0.05113483035607778 1.0 0.34102038321730443 0.6837125087601333 0.29636608848571844 gu DSCT 0.44 1.0 0.030168547990261148 "" nan "" 0 0.0 0.0 0.0 0.0 N
763 zg 1809111300004562 5.1259484 59.3180481 31 19.273651123046875 2.483430525997974 0.1699280545534465 0.2632595896720886 0.006269004891266419 0.1480892524665464 2800.0 0.5476693662030306 0.2756751634886456 20.806655883789062 0.2632595896720886 20.23754119873047 21.459049224853516 -0.1752646416425705 1.5803625583648682 0.3230946852602895 0.39286026339700914 0.30647026490174084 0.0 0.6556938594833224 0.7096433623855877 0.47311848600706674 gu DSCT 0.48 1.0 0.03123650702790204 "" nan "" 1 19.754107 326.131 -0.1671 0.3104 N
766 zg 806103100045165 5.1327038 59.3040168 22 27.271989822387695 8.388307702071303 1.4032246413710641e-10 0.40109559893608093 1.2212316850070625e-05 1.0352338042193117 0.9972770463899203 0.8244557668495469 0.4431665764130801 21.566198348999023 0.40109559893608093 20.259796142578125 21.90843963623047 -0.367442786693573 2.9436655044555664 0.03673106750366834 0.029622752375363572 0.039163934870972375 0.0 0.3304489519098255 0.29479211839755504 0.5326237201808531 g1 CEPH_Other 0.51 1.0 1.0350958523889302 "" nan "" 1 20.668413 107.103 -0.295 1.174 V
770 zg 806103100029603 5.0276907 59.3251349 48 27.206575393676758 4.7547409885535705 2.626526968681386e-07 0.3129751980304718 0.00018603931432426717 0.3327357772018308 1.0000353196003549 0.4793903831919515 0.5287244195154851 21.313371658325195 0.3129751980304718 20.232358932495117 21.760643005371094 -0.23262350261211395 2.209486246109009 0.1671685187934544 0.01737451885588333 0.19494835123011228 0.0 0.006481234156495486 0.004779722026249655 0.5777591432156037 g2 CEPH_Other 0.63 1.0 0.9957323316685336 "" nan "" 1 20.388191 182.741 -0.2644 0.6174 V
769 zg 806103100020284 5.0186286 59.2890684 314 156.40452575683594 1.2738946818871435 0.9999999291819965 0.034004513174295425 0.010295095099145413 0.6595713007799283 1.0000143393856216 0.07562392590421003 0.0016100613574114926 17.996858596801758 0.034004513174295425 17.82916259765625 18.115638732910156 -0.01679650880396366 1.1272790431976318 0.17834983040811372 0.12228968596011655 1.1306880702634772 1.0 0.24694042379110703 0.007012458546466149 0.9868413168184963 g1 NonVar 0.39 1.0 0.659573215035626 "" nan "" 1 17.14571 1583.5 0.4329 0.0637 N
769 zg 1809111300005392 5.018646 59.289052 66 79.27812957763672 1.052519779250467 0.9994136898296726 0.03156321123242378 0.10244796757625418 0.39079153229926533 2800.0 0.24243345086889595 0.06049108036812051 17.981271743774414 0.03156321123242378 17.912670135498047 18.06633758544922 -0.016122186556458473 1.0185046195983887 8.172277493463998 1.679735897825244 13.366905647304433 0.0 0.024829437633781537 0.009433569037584522 0.7340575356258708 g2 DSCT 0.52 1.0 0.032551728975264684 "" nan "" 1 17.14571 1583.5 0.4329 0.0637 N
770 zg 1809111300004294 5.0275345 59.3251615 12 10.77629566192627 1.645870316280513 0.6170659127896503 0.24481168389320374 0.13473262889019955 0.5898473263918563 2800.0 0.7979582568815602 0.9691874502867386 21.286008834838867 0.24481168389320374 20.793460845947266 21.696666717529297 -0.10508152842521667 1.2422631978988647 1.057486229320348 1.690680227883921 1.0482439932847163 1.0 0.9397849392311042 0.94773969843293 0.4955293830642433 gu RRL_c 0.63 1.0 0.29492326809413066 "" nan "" 1 20.388191 182.741 -0.2644 0.6174 N
772 zg 1809111300004032 5.073854 59.3350571 65 109.32376098632812 2.105947834089411 0.3619519627544218 0.056944381445646286 0.20126279093999289 0.17421401659041466 2800.0 0.2260601715055842 0.02395400757220889 18.559375762939453 0.056944381445646286 18.28729248046875 18.65237808227539 -0.04614006355404854 1.4424163103103638 0.4807752755318517 0.28352669177181333 1.1535362351518965 1.0 0.18724821481160692 0.0352071326315373 0.8645133081164889 g1 NonVar 0.58 1.0 0.061457389992976896 "" nan "" 1 17.59445 1266.3 0.2941 0.0842 N
771 zg 806103100019171 5.0557182 59.3339368 83 40.19440841674805 5.658442794257074 1.3245174223076295e-16 0.27119600772857666 2.9795234672364193e-07 0.5079034753177862 0.9973474818428686 0.41677241545983845 0.413543755743538 21.296104431152344 0.27119600772857666 19.73987579345703 21.681373596191406 -0.21386824548244476 2.422926664352417 0.0024682964177371665 0.003610246455288619 0.0026481953653034233 0.0 0.8500446204881255 0.7747348193756625 0.5357774221535863 g1 NonVar 0.45 1.0 0.03057787828806601 "" nan "" 1 20.042389 263.615 -0.0572 0.4217 V
772 zg 806103100029511 5.0738372 59.335064 353 90.28662872314453 1.0664780662200921 0.9999999999999827 0.04211350157856941 0.07659375634249722 0.19472148059894273 1.0000143393856216 0.05707842309233537 0.019719150483049085 18.585824966430664 0.04211350157856941 18.454673767089844 18.768007278442383 -0.023644108325242996 1.0320717096328735 0.11445879073437168 0.10230968172179482 0.8415276201394922 0.0 0.39564274998947624 0.008837074205279905 0.9913279353158264 g1 EB_ED 0.77 1.0 0.03125911402560887 "" nan "" 1 17.59445 1266.3 0.2941 0.0842 N
779 zg 1809111300004042 5.0805312 59.334875 53 17.8809871673584 1.3597398484202887 0.9625694665558601 0.14459875226020813 0.03248503276065099 0.19071914616015487 2800.0 0.3246231309091892 0.13142097583588083 20.219797134399414 0.14459875226020813 19.929304122924805 20.530948638916016 -0.10627903044223785 1.1696642637252808 0.25138218871200496 0.29194079244336674 0.31924695874415315 0.0 0.6107084787573704 0.4115066601119519 0.6197220256244338 g1 DSCT 0.56 1.0 0.03813913854342952 "" nan "" 1 19.134933 493.73 0.1311 0.2225 N
779 zg 806103100019157 5.0804835 59.3348888 277 40.7598762512207 1.7675779758612487 0.9201926984564461 0.14071649312973022 0.03698191710500612 0.19343106659061018 1.0000143393856216 0.07566157279083828 0.005570887746316035 20.249488830566406 0.14071649312973022 19.628917694091797 20.741886138916016 -0.10942450910806656 1.3419888019561768 0.016508278946671222 0.025265020842882274 0.040349212452562525 1.0 0.8972672946334694 0.20915473191804068 0.8693731367341252 g1 NonVar 0.68 1.0 0.03294034132026144 "" nan "" 1 19.134933 493.73 0.1311 0.2225 N
782 zg 806103100045075 5.0421603 59.3312516 68 28.056968688964844 3.3327698250012676 0.00046864339068894753 0.27051645517349243 4.5002337334768906e-06 1.0351220333162134 0.9973629383159729 0.4418984432393158 0.3464836099176648 21.413789749145508 0.27051645517349243 20.224824905395508 21.897232055664062 -0.16059499979019165 1.8421682119369507 0.0068748397293683415 0.004212207708855922 0.019567261864572166 0.0 0.20094906894605458 0.02718007262718014 0.9045143400994293 g1 DSCT 0.45 1.0 0.03449549845512136 "" nan "" 1 19.779957 318.383 0.7957 0.327 N
783 zg 1809111300037405 5.0143537 59.2929803 63 52.90016555786133 1.5859715013664413 0.8814712755133077 0.07493094354867935 0.006201175304810956 0.17544513390856636 2800.0 0.32408073409321114 0.00207816042370057 19.15152359008789 0.07493094354867935 18.914173126220703 19.309059143066406 -0.060434889048337936 1.2538501024246216 0.19110918915329325 0.30881407877565753 0.3335934496936182 1.0 0.9494097674743965 0.4202372459992513 0.7601627474884489 g1 DSCT 0.69 1.0 0.17544733411852972 "" nan "" 1 17.463066 1338.09 0.3206 0.082 N
783 zg 806103100042753 5.0143479 59.2929871 309 101.22361755371094 1.8685326955405153 0.7922553401061633 0.07509259134531021 0.005943525911416295 0.10396819730414197 1.0000143393856216 0.08022292767412102 0.000786278976485012 19.188016891479492 0.07509259134531021 18.746185302734375 19.376792907714844 -0.06134485825896263 1.3691784143447876 0.06997871605026137 0.0034955204833450153 0.2727521622200933 1.0 0.0015130123310497234 0.00010031123107301365 0.9533435577789536 g1 NonVar 0.63 1.0 0.10396729164298157 "" nan "" 1 17.463066 1338.09 0.3206 0.082 N
