t_zg_0621.ecsv
# %ECSV 1.0
# ---
# datatype:
# - {name: SourceID, datatype: int32}
# - {name: filter, datatype: string}
# - {name: OID, datatype: string}
# - {name: RA, datatype: float64}
# - {name: DEC, datatype: float64}
# - {name: numobs, datatype: int32}
# - {name: DELTA_SIG_MAG, datatype: float64}
# - {name: CONST_CHI2, datatype: float64}
# - {name: sf, datatype: float64}
# - {name: LNP_SIG, datatype: float64}
# - {name: period, datatype: float64}
# - {name: period_c, datatype: float64}
# - {name: power, datatype: float64}
# - {name: power_c, datatype: float64}
# - {name: upsilon_class, datatype: string}
# - {name: upsilon_prob, datatype: float64}
# - {name: upsilon_flag, datatype: float64}
# - {name: upsilon_period, datatype: float64}
# schema: astropy-2.0
SourceID filter OID RA DEC numobs DELTA_SIG_MAG CONST_CHI2 sf LNP_SIG period period_c power power_c upsilon_class upsilon_prob upsilon_flag upsilon_period
[from data line 93]
70 zg 806103100029812 5.0853413 59.3086646 129 37.33222579956055 2.746403893248027 9.020604463900653e-27 2.4886775962918976e-09 0.9973384984660438 0.9973384984660438 0.3065062846530288 0.9629073587052731 DSCT 0.56 1.0 0.07069512916366043
71 zg 806103100029884 5.0882194 59.303007 294 63.94979476928711 2.4546548330941187 2.0192943079678547e-46 0.00017821370191942074 0.19362983530791456 0.999978193396444 0.08891742285438788 0.006083975825286842 DSCT 0.58 1.0 0.19363234758426962
72 zg 1809111300004940 5.0558459 59.303988 0 nan nan nan nan nan nan nan nan nan nan nan nan
70 zg 1809111300028601 5.0854801 59.3086094 19 13.535277366638184 1.9922966754825775 0.005224245140999146 0.009424158921486075 0.2261352285960186 2800.0 0.6794228498992476 0.2766913663966693 DSCT 0.68 1.0 0.14615902434111977
71 zg 1809111300037321 5.0882677 59.3030051 60 30.793819427490234 1.7648361917840039 0.0002142669821262322 0.16472689079900513 0.15032315542167812 2800.0 0.24153649840596167 0.11342109038205962 EB_ED 0.54 1.0 0.05884372052445729
73 zg 806103100048650 5.0758587 59.2958026 97 63.86188507080078 9.560339889158879 2.2931679947966973e-149 2.264491185791114e-08 1.0323211002809742 0.9972896868175051 0.37872749071466105 0.1891988007160672 DSCT 0.52 1.0 0.04003408271746405
75 zg 1809111300045863 5.0612092 59.2976509 27 23.294349670410156 4.142253417390875 2.708490467796294e-12 0.001576005380239351 0.38631576718900545 2800.0 0.6230528046366018 0.1940498395516029 DSCT 0.68 1.0 0.038974248854918916
73 zg 1809111300053024 5.0756741 59.2957057 19 16.696256637573242 1.5697347255351841 0.05827594955773668 0.0013944895300564742 0.13485031059995917 2800.0 0.7870986756487587 0.20519508240479836 DSCT 0.59 1.0 0.03481458077779705
69 zg 1809111300051772 5.0873577 59.3071334 2 nan nan nan nan nan nan nan nan nan nan nan nan
74 zg 806103100036224 5.0554949 59.3034182 6 nan nan nan nan nan nan nan nan nan nan nan nan
76 zg 806103100019802 5.0760406 59.3121908 332 78.52963256835938 1.8508160539361855 1.007740695797564e-23 0.01062674347561795 0.48728166973442094 0.999978193396444 0.05912225216063415 0.0054100765178548334 NonVar 0.31 1.0 0.48727461644674835
76 zg 1809111300004718 5.0760824 59.312186 63 38.26575469970703 1.0792570040759153 0.3100847151140485 0.29364185618172156 0.14748271707088506 2800.0 0.21412631155891784 0.11995567116308424 DSCT 0.5 1.0 0.05082928610425387
77 zg 1809111300028707 5.0869088 59.2997883 43 30.561182022094727 3.4919634835040707 4.560354082191737e-14 5.5426984909553275e-05 0.4977145658755225 2800.0 0.5441086829590005 0.3570103768750376 NonVar 0.33 1.0 1373.3390624999956
78 zg 806103100040285 5.0690993 59.2953914 17 8.728901863098145 0.8230217929612077 0.6677126975337541 0.005140768687250297 0.1381684247202267 0.9973150755263741 0.760755177456083 0.09085290999409572 DSCT 0.65 1.0 0.12387151182483316
77 zg 806103100029923 5.0869784 59.2997881 258 80.16875457763672 15.475265167638984 0.0 5.9519641756486684e-18 26.601577045498413 1.0000030012839005 0.2636187464382793 0.005227324073523519 CEPH_Other 0.33 0.0 26.510192651612943
79 zg 1809111300053423 5.0837923 59.3101805 8 nan nan nan nan nan nan nan nan nan nan nan nan
2851 zg 1809111300053425 5.0695612 59.2951833 0 nan nan nan nan nan nan nan nan nan nan nan nan
79 zg 806103100049853 5.0841666 59.3103325 319 110.12847137451172 13.968722095487962 0.0 0.30624299186438525 0.35156572585552043 0.999978193396444 0.04414145099570677 0.001480180834435338 NonVar 0.52 1.0 0.06182989168373372
2852 zg 1809111300053335 5.0616876 59.3111721 0 nan nan nan nan nan nan nan nan nan nan nan nan
2853 zg 806103100045193 5.0795419 59.2957107 3 nan nan nan nan nan nan nan nan nan nan nan nan
2854 zg 806103100049147 5.0757489 59.2950104 9 28.185678482055664 7.146230637156745 2.740227436655381e-12 0.00012163494730970294 0.3162053293021217 0.9998933567264653 0.9625612181238977 0.006827882154915077 DSCT 0.55 1.0 0.09452062194956444
86 zg 806103100029951 5.0593506 59.297328 289 61.165348052978516 1.9529499087228017 4.258542921683285e-24 0.00022128396436021607 0.3026051445407908 0.9999897311965724 0.0897916037344155 0.008781245027351404 NonVar 0.67 1.0 0.03492253779331769
86 zg 1809111300028752 5.0593263 59.2973346 50 32.98529815673828 1.7137578114026244 0.001140830840346075 0.14335841639991034 0.10277255019200539 2800.0 0.2823753717112135 0.021089331286973028 DSCT 0.42 1.0 0.047369593152908854
85 zg 1809111300042593 5.0848266 59.3104646 63 141.77206420898438 9.13619966168778 2.07738883312601e-86 0.037353411038042954 0.1222761352567998 2800.0 0.26925740068487386 0.04257909598152247 DSCT 0.61 1.0 0.038396544192168085
85 zg 806103100049852 5.085006 59.3105231 329 239.16983032226562 9.076508536259894 0.0 4.0235969345277067e-07 0.9973738807706344 0.999978193396444 0.10692943455712481 0.9244929624559313 EB_ED 0.31 1.0 0.9935111564736968
88 zg 1809111300028548 5.0638012 59.3122495 45 20.320913314819336 1.49889390166528 0.016738138591591446 0.0014676904054024404 0.10169714461258911 2800.0 0.45097968002691935 0.19805811501584844 RRL_c 0.4 1.0 0.2562234473684211
88 zg 806103100019796 5.0637269 59.3122509 239 27.470149993896484 1.360196514379371 4.720484751318074e-05 0.007459224309737942 0.14443770605638862 0.9973361226211772 0.08659921624370276 0.009740460949811871 NonVar 0.77 1.0 0.1444407724785614
2855 zg 1809111300047937 5.0886684 59.2997833 0 nan nan nan nan nan nan nan nan nan nan nan nan
90 zg 806103100049624 5.0834336 59.3114529 324 187.5526580810547 29.21323032259931 0.0 6.211135497071484e-187 1988.2695837798342 0.9999897311965724 0.8869505957808139 0.44509322914678295 NonVar 0.21 0.0 2057.5136979000017
91 zg 806103100042695 5.0902657 59.3061962 55 20.744001388549805 2.2079779959667087 1.7648957007451223e-07 0.0024718410255698633 0.508625729721454 0.4992974277210748 0.34634046373168137 0.063066308554219 DSCT 0.62 1.0 0.16492237904413332
90 zg 1809111300037244 5.0836547 59.3114469 61 105.74268341064453 12.761845255447033 5.180580862205041e-127 1.0211919971440257e-24 2800.0 2800.0 0.8776160228817763 0.9992531508166372 LPV_Mira_AGB_C 0.3 0.0 1400.243784899998
92 zg 806103100048085 5.0843582 59.2966122 9 nan nan nan nan nan nan nan nan nan nan nan nan
2856 zg 1809111300045866 5.0856768 59.2972247 0 nan nan nan nan nan nan nan nan nan nan nan nan
91 zg 1809111300042612 5.0904565 59.3061719 3 nan nan nan nan nan nan nan nan nan nan nan nan
95 zg 806103100047187 5.090857 59.3052401 5 nan nan nan nan nan nan nan nan nan nan nan nan
94 zg 806103100036194 5.0900101 59.307093 104 25.478565216064453 2.578927371943956 4.2874063324062575e-19 0.0068983799613123445 0.2542057587057215 0.9973609141108607 0.18190413963620009 0.009748714452050855 DSCT 0.77 1.0 0.07051440503960747
94 zg 1809111300047913 5.0901064 59.3070196 12 11.634559631347656 1.9769931298888064 0.022172305208849715 0.0003900392283186097 0.11464899825084424 0.9971963309454909 0.9300715440101802 0.264461458326362 DSCT 0.32 1.0 0.06406184518507461
96 zg 806103100048646 5.0909263 59.3024679 30 15.366975784301758 2.1802741783806416 0.00024097457023159694 0.0037534832990237478 0.1767624503673255 0.9972314652662276 0.5725096406676242 0.04854188611286611 DSCT 0.76 1.0 0.1767578148771415
92 zg 1809111300053424 5.0843019 59.2964296 0 nan nan nan nan nan nan nan nan nan nan nan nan
97 zg 1809111300052422 5.0788536 59.3130308 36 22.048561096191406 1.3071542438726524 0.10269946819473036 0.00033769054898423944 0.49087003747955427 2800.0 0.5686095215329479 0.07974671620042345 CEPH_Other 0.29 1.0 0.490885134297077
98 zg 1809111300037392 5.0807245 59.2951578 14 18.42458724975586 3.3850985434593617 3.061564376672866e-05 0.004899214016685775 0.2330015676117541 0.9973522486565618 0.8645464904257996 0.45826869275197746 CEPH_Other 0.68 1.0 0.9019117972111634
2857 zg 806103100048082 5.0862153 59.2972662 2 nan nan nan nan nan nan nan nan nan nan nan nan
96 zg 1809111300045845 5.0911033 59.30244 5 nan nan nan nan nan nan nan nan nan nan nan nan
93 zg 806103100047219 5.0771114 59.2944088 75 33.979042053222656 3.5055925717387644 2.4192788883035645e-24 0.00041682769476659006 368.70464715686137 0.49930546266913656 0.3097394954936851 0.5069239553116275 RRL_c 0.43 1.0 0.3325414720849279
97 zg 806103100045137 5.0787962 59.3131099 212 50.334373474121094 2.4833620117331674 1.2724358315887973e-33 0.0004433107289429903 0.16859152469067762 0.9999897311965724 0.11755007973465277 0.013446902165412201 NonVar 0.59 1.0 0.04181853413345261
93 zg 1809111300045873 5.077116 59.2943807 9 7.536403656005859 0.9980938980291355 0.4388592502403018 0.0029237395396138725 0.1085774573158351 2800.0 0.9626562945065521 0.15229479789989886 NonVar 0.4 1.0 0.037113085498795086
99 zg 806103100042681 5.0573854 59.3103519 2 nan nan nan nan nan nan nan nan nan nan nan nan
100 zg 806103100049623 5.0844871 59.311539 60 120.78540802001953 42.18093164245015 0.0 8.952349497146702e-09 1.000257763079856 0.9999419385223997 0.45274432571242684 0.7675505190858768 NonVar 0.25 1.0 1.0027273343271754
98 zg 806103100049149 5.0810306 59.2949935 80 34.21787643432617 2.6679537278816152 4.66727245453734e-16 0.007745250867360512 1.6347205447982813 0.9973038024878157 0.2280907437768042 0.004582164488418448 DSCT 0.59 1.0 0.0695694146293449
100 zg 1809111300052783 5.0847922 59.311514 3 nan nan nan nan nan nan nan nan nan nan nan nan
2858 zg 1809111300051776 5.0916934 59.3053925 1 nan nan nan nan nan nan nan nan nan nan nan nan
103 zg 1809111300028545 5.0612003 59.3124 15 11.966683387756348 2.0747227745666916 0.010301243115226654 0.007763240738639411 0.11673601911403832 2800.0 0.8273620997142647 0.14171468093346062 DSCT 0.58 1.0 0.03078320155337238
103 zg 806103100036147 5.0610812 59.3124265 93 20.992359161376953 1.7486334639002377 3.274518306879735e-06 0.005549953417861056 0.1823357199422866 0.9999670006581673 0.21201196921830925 0.0023200430623125734 NonVar 0.5 1.0 0.03509065511060151
101 zg 1809111300052432 5.082874 59.2952417 5 nan nan nan nan nan nan nan nan nan nan nan nan
104 zg 806103100045141 5.0825977 59.3126505 64 19.402803421020508 1.9024429319012357 6.123730733454115e-06 0.006905576627738603 29.40106541648873 0.9973302622035204 0.2818382715290753 0.3448803001989858 DSCT 0.59 1.0 0.04746771346423196
104 zg 1809111300042580 5.0827569 59.3126433 9 nan nan nan nan nan nan nan nan nan nan nan nan
105 zg 1809111300004804 5.0895038 59.3091545 61 45.24993896484375 1.2883113010736695 0.06285447473569916 0.03500545956671276 0.12202028445611743 2800.0 0.2798131553707274 0.019273936133155995 NonVar 0.63 1.0 0.07034986861434878
105 zg 806103100019890 5.0894925 59.3091732 326 90.94145202636719 2.222226816082528 6.545987057639644e-40 0.0012409319403117462 0.7636160569931433 0.9999897311965724 0.07100383782084975 0.00033753945522875485 EB_ED 0.34 1.0 0.7635975868992398
106 zg 1809111300042594 5.0876775 59.310494 46 26.57122802734375 1.6677478813696631 0.002753525171177599 0.021087720045035525 0.8357250776343007 2800.0 0.3620407126861165 0.06624682806975388 RRL_ab 0.3 1.0 0.8358728317102834
106 zg 806103100029785 5.0876505 59.3105351 267 46.90793991088867 2.121454816250778 7.24381952049449e-28 0.019036361643612557 0.49862984573518515 0.9999897311965724 0.07231907983854043 0.38188351130158277 NonVar 0.69 1.0 0.03065585508630518
108 zg 1809111300005269 5.0707997 59.2934994 38 15.595462799072266 1.136899214199914 0.2587448263471588 0.023147970101777913 0.13258311620906887 2800.0 0.4207609299992807 0.006785740563987751 DSCT 0.51 1.0 0.03067054201243451
109 zg 1809111300045874 5.0784701 59.2939688 59 24.359399795532227 1.106727138222772 0.2658667898465834 0.004242889395030198 0.4154906789765262 2800.0 0.3408776871912136 0.03930014842720074 RRL_c 0.45 1.0 0.41550301887239927
109 zg 806103100047220 5.0784613 59.2939629 285 59.10188674926758 1.9918119923404864 8.542168417962484e-25 0.012410388452597872 0.10129879279198079 0.9999897311965724 0.07022570591099081 0.002389789395068003 DSCT 0.43 1.0 0.0840676499172609
111 zg 1809111300052433 5.0740576 59.2934737 1 nan nan nan nan nan nan nan nan nan nan nan nan
2859 zg 806103100049148 5.0835857 59.2950582 6 nan nan nan nan nan nan nan nan nan nan nan nan
113 zg 1809111300045822 5.0541258 59.3092648 6 nan nan nan nan nan nan nan nan nan nan nan nan
2860 zg 1809111300037408 5.0664449 59.2936354 0 nan nan nan nan nan nan nan nan nan nan nan nan
114 zg 1809111300052781 5.0786285 59.3140459 25 52.63426208496094 9.78017658903609 2.492388625396474e-39 0.01542617072299781 0.10225165315734903 2800.0 0.5635700772841274 0.049317218166595456 DSCT 0.67 1.0 0.10225057761053494
113 zg 806103100036178 5.0541003 59.3094205 34 25.246524810791016 4.504532463441112 1.689599480326609e-17 0.00017242963189900929 388.44922068490047 0.9973190112204673 0.5964335734958037 0.55836696664934 DSCT 0.46 1.0 0.07010285598319828
115 zg 806103100040196 5.0751088 59.3145161 214 25.94521141052246 1.4114869241356764 1.9208936718945886e-05 0.0042422626903983645 0.10579436726645351 0.9999897311965724 0.1012018328471011 0.01146099081746956 DSCT 0.5 1.0 0.05090776534088805
116 zg 1809111300042630 5.0929869 59.3026271 12 13.308560371398926 2.2463158428229706 0.006127120853706216 7.717961805406572e-05 0.1414537683051279 0.1021485799318096 0.9406946243267538 0.38092709550090564 DSCT 0.82 1.0 0.06361940374316824
115 zg 1809111300037227 5.0751097 59.3145286 30 26.030437469482422 3.2531388906834198 2.5549479615253965e-09 0.0029438035926382016 0.3582036656309319 2800.0 0.556072830364648 0.18921222835937 DSCT 0.52 1.0 0.042894500635175276
116 zg 806103100047199 5.0930421 59.302612 117 27.71443748474121 2.297942788829787 1.0188180488164556e-15 7.846232100133639e-10 1.035108054470638 0.9973359989680148 0.3522697107987982 0.3118906941556849 CEPH_Other 0.47 1.0 1.0351719983833716
117 zg 1809111300004847 5.051818 59.3072665 66 1398.5032958984375 18.056204353852927 2.4892611860366026e-215 0.4972470111855214 341.51591945928 2800.0 0.18460792573259116 0.9479556784117252 NonVar 0.62 1.0 0.04234825869045775
117 zg 806103100019924 5.0518132 59.3072754 333 670.08740234375 4.295914195417536 1.8789726370515657e-176 3.728271827838286e-08 96.46135723063314 0.999978193396444 0.11198068203600242 0.04600446247019406 LPV_OSARG_AGB 0.24 1.0 96.18574289302325
118 zg 806103100045179 5.0910988 59.2986983 7 nan nan nan nan nan nan nan nan nan nan nan nan
119 zg 1809111300045868 5.0876417 59.2962185 56 50.895912170410156 2.656541683383255 1.6922251834436752e-10 0.1542513011601542 0.1437224959215984 2800.0 0.25597633383340634 0.11827174199931033 NonVar 0.33 1.0 0.034898815482391286
119 zg 806103100042733 5.0876383 59.2962106 296 87.0613021850586 5.0772730002254844 2.210304849506544e-199 0.00012648077771220697 0.2521884778152136 0.9999897311965724 0.08960494443609078 0.01211824817079114 RRL_ab 0.57 1.0 0.5095378152303125
118 zg 1809111300047943 5.0912012 59.2986478 0 nan nan nan nan nan nan nan nan nan nan nan nan
123 zg 806103100048640 5.0781439 59.3147332 244 126.09435272216797 8.422623055877562 0.0 9.269876205275746e-06 0.24949379542021702 1.0000030012839005 0.1232683106132256 0.07667057830995787 RRL_e 0.46 1.0 0.2494887590163938
2861 zg 1809111300052423 5.0889857 59.3112777 0 nan nan nan nan nan nan nan nan nan nan nan nan
123 zg 1809111300045802 5.0781815 59.3148952 37 110.92314147949219 17.529105080048744 8.973090991464618e-113 0.003870497669206101 1.333361767009849 2800.0 0.49058314167004036 0.14695868838169177 DSCT 0.59 1.0 0.03993476921574907
2862 zg 806103100049150 5.0805352 59.2932638 11 26.30294418334961 7.615117228133619 2.5952773343628078e-15 0.0013562475954463499 0.10077776390834274 0.997359882259419 0.8882318178920849 0.06709365319399109 DSCT 0.29 1.0 0.038012088107747345
125 zg 1809111300037379 5.0909358 59.2975084 1 nan nan nan nan nan nan nan nan nan nan nan nan
