t_zg_0418_original.ecsv
# %ECSV 1.0
# ---
# datatype:
# - {name: SourceID, datatype: int32}
# - {name: filter, datatype: string}
# - {name: OID, datatype: string}
# - {name: RA, datatype: float64}
# - {name: DEC, datatype: float64}
# - {name: numobs, datatype: int32}
# - {name: DELTA_SIG_MAG, datatype: float64}
# - {name: CONST_CHI2, datatype: float64}
# - {name: LNP_SIG, datatype: float64}
# - {name: period, datatype: float64}
# - {name: period_c, datatype: float64}
# - {name: power, datatype: float64}
# - {name: power_c, datatype: float64}
# - {name: upsilon_class, datatype: string}
# - {name: upsilon_prob, datatype: float64}
# - {name: upsilon_flag, datatype: float64}
# - {name: upsilon_period, datatype: float64}
# schema: astropy-2.0
SourceID filter OID RA DEC numobs DELTA_SIG_MAG CONST_CHI2 LNP_SIG period period_c power power_c upsilon_class upsilon_prob upsilon_flag upsilon_period
[from data line 4327]
3577 zg 806103100017797 5.1388436 59.3847019 393 83.23973083496094 1.819902387641932 0.009985917278609646 0.36229216085878246 0.9999469712346448 0.0597815457179993 0.002863342988932031 NonVar 0.49 1.0 0.05932150014965252
3573 zg 1809111300027844 4.9744329 59.3760744 5 nan nan nan nan nan nan nan nan nan nan nan
3580 zg 1809111300045629 5.1210928 59.3879559 0 nan nan nan nan nan nan nan nan nan nan nan
3581 zg 1809111300004706 4.9005531 59.3097094 68 969.7296752929688 9.480707124536629 0.016178914376280117 338.735506111498 0.9973726905723661 0.2764430721353376 0.9409585228432289 NonVar 0.5 1.0 0.9959069513513412
3580 zg 806103100028954 5.1212349 59.3879839 6 nan nan nan nan nan nan nan nan nan nan nan
3581 zg 806103100019814 4.9005419 59.3097245 262 448.3991394042969 3.896651973385001 2.0150765813025825e-09 290.93869631108356 0.9999773379767305 0.1805956178987987 0.01254955504364196 LPV_OSARG_RGB 0.32 0.0 277.27402145454437
3578 zg 1809111300003448 5.2093514 59.3568078 10 14.61672592163086 3.0430062534521243 0.0003842911450904353 0.10186790163485629 0.9970697094613235 0.9787284523680537 0.9680230805487586 DSCT 0.67 1.0 0.06502781926464293
3584 zg 806103400001125 5.059037 59.2162968 403 325.7063293457031 3.7848735247900853 4.7287563804471866e-21 344.5551077608022 0.9999469712346448 0.2209387156103513 0.30453460233345486 LPV_OSARG_RGB 0.71 0.0 323.7223697749996
"" zg 1809111300037902 5.1489227 59.2253047 0 nan nan nan nan nan nan nan nan nan nan nan
3584 zg 1809111300029674 5.0590346 59.2162866 68 1237.4930419921875 17.990979638186403 0.2100549013329058 338.735506111498 0.9973726905723661 0.21232130290153184 0.9409585228432287 NonVar 0.59 1.0 0.04234825869045775
3586 zg 1809111300027689 5.0653264 59.3917152 33 14.799808502197266 1.2303243353248083 0.028923136058218737 0.8443615226725191 0.9973307368133587 0.4691663426379464 0.07868577366731216 DSCT 0.62 1.0 0.031667215190045485
3586 zg 806103100017596 5.0653844 59.3917221 199 25.631322860717773 1.8221740658649606 0.0032665789182447307 0.5072614330645725 0.9999541023165953 0.12289893355291465 0.0969103214462537 RRL_ab 0.7 1.0 0.5072878836176125
3587 zg 1809111300007154 4.9776757 59.2304099 13 11.149670600891113 1.7119780529020892 0.4491717820611815 0.15613404353003593 0.9973495989455526 0.6648110752379675 0.28689055785744844 DSCT 0.76 1.0 0.059608001625377376
3588 zg 1809111300005942 4.9146925 59.2682693 46 23.13458824157715 2.1410104085620167 0.005387970081234173 0.42712099615719334 0.9973726905723661 0.4176559120025117 0.29083603058814805 NonVar 0.47 1.0 0.033942046191884075
"" zg 1809111300049910 5.2222099 59.3470722 0 nan nan nan nan nan nan nan nan nan nan nan
"" zg 806103400046202 4.9999928 59.2240433 8 nan nan nan nan nan nan nan nan nan nan nan
3589 zg 1809111300002924 4.9568709 59.369333 27 22.963666915893555 3.2580268408450057 0.0005209666460086756 1.4976363070848366 0.9973297471900333 0.6818994885595836 0.5532271940274379 DSCT 0.52 1.0 0.040389321906166245
3591 zg 1809111300049966 4.9025921 59.3198389 0 nan nan nan nan nan nan nan nan nan nan nan
3592 zg 1809111300005799 4.910513 59.273419 0 nan nan nan nan nan nan nan nan nan nan nan
3595 zg 806103100020150 5.2443316 59.3011158 383 103.71465301513672 1.54283625881991 0.030424704059744317 0.49670512721165905 0.9999469712346448 0.05464505614990482 0.019167702529280267 EB_ED 0.85 1.0 0.032233632358359014
3590 zg 806103100048899 5.1702138 59.3762518 0 nan nan nan nan nan nan nan nan nan nan nan
3589 zg 806103100018164 4.9567862 59.3693475 200 72.50502014160156 11.579629839109979 8.205388510057171e-15 1.0002033654589162 1.0000466831614065 0.32647735407122896 0.8336131459218447 RRL_c 0.4 1.0 0.33649852789247037
"" zg 806103400030089 4.9917165 59.2260726 0 nan nan nan nan nan nan nan nan nan nan nan
3587 zg 806103400000749 4.9775706 59.2303381 79 15.32330322265625 1.3881544540602548 0.01192409251916955 0.6072206654780248 0.9972841076087602 0.24337550245075415 0.03076249714854119 DSCT 0.89 1.0 0.08922941641898507
3595 zg 1809111300005116 5.2443634 59.3011177 66 74.21241760253906 1.6741085109341567 0.04375924791334957 0.9647988833449426 0.9973726905723661 0.26211802140323665 0.023973836754007192 LPV_SRV_AGB_O 0.3 1.0 27.45578771764678
"" zg 1809111300007113 5.1791739 59.2349722 0 nan nan nan nan nan nan nan nan nan nan nan
3590 zg 1809111300036805 5.1703984 59.3762214 0 nan nan nan nan nan nan nan nan nan nan nan
3598 zg 1809111300002374 5.103101 59.3905025 57 25.24013328552246 1.4591894760647373 0.6745308650421934 2.5205402801813785 0.9973726905723661 0.1985050467082931 0.035900040119188535 DSCT 0.56 1.0 0.04084014389546712
3600 zg 806103100029890 5.2445535 59.3044225 24 11.79127311706543 1.410498303914714 0.006700975065887668 0.16783209642789346 1.0000125113837683 0.6279579469997588 0.03741306786355379 DSCT 0.75 1.0 0.05321818479690338
3599 zg 806103100040330 5.2429276 59.2919164 372 163.34246826171875 3.2941642460877283 2.3312862886157954e-07 0.4986561723250643 0.9999469712346448 0.11044982829126654 0.3411653475675836 RRL_ab 0.38 1.0 0.4986737403465975
3598 zg 806103100017627 5.1030958 59.3905082 354 32.503623962402344 1.312966092278375 0.11469197126363175 0.12143735553148774 0.9999541023165953 0.05368972434794945 0.0007536835004268683 NonVar 0.73 1.0 0.055737255771856974
3599 zg 1809111300042701 5.2429375 59.2918966 67 465.7877197265625 19.003643779770318 0.5664135625089569 0.2447324855103081 0.9973726905723661 0.18191072967280986 0.18437443027016673 NonVar 0.51 1.0 0.05671075183670105
3600 zg 1809111300047932 5.2445926 59.3041095 2 nan nan nan nan nan nan nan nan nan nan nan
3602 zg 1809111300006313 4.9274002 59.2560041 64 37.20165252685547 1.235262683592194 0.0056358232951881455 0.49771740647679097 0.9973726905723661 0.3224963151754465 0.4039653115140831 RRL_c 0.28 1.0 0.3580274031194031
3602 zg 806103400000116 4.9273678 59.2560186 168 51.121910095214844 1.8489345525147212 0.025944313123470748 0.26254121173319483 0.9999541023165953 0.10830408458760507 0.013994324805821313 NonVar 0.49 1.0 0.04574809529476299
3603 zg 806103400030175 5.1005091 59.2170106 351 52.356910705566406 2.846818876175872 0.000562365303696832 0.2567228102958954 0.9999541023165953 0.08127375561843418 0.0007210168681833947 RRL_e 0.57 1.0 0.25489092903268684
"" zg 806103100049144 5.2446572 59.3037638 15 10.419655799865723 1.6568934686007855 0.002004282928698486 0.11396202373231033 0.9972622348359342 0.8410108951664541 0.06904434904786641 RRL_c 0.63 1.0 0.2750919022089987
3593 zg 806103100018949 4.9147701 59.3402484 0 nan nan nan nan nan nan nan nan nan nan nan
3606 zg 1809111300006170 4.9219458 59.2604758 60 36.92780685424805 2.025768349091945 0.04296871793794992 0.10841055083314233 0.9973726905723661 0.28626619198319425 0.012821949631510947 DSCT 0.71 1.0 0.07555415602438816
3604 zg 1809111300037614 5.2303584 59.2687893 32 12.96768856048584 1.0282109543848303 0.06426581140329009 3.1362728477484176 0.997421842865076 0.44264510933521906 0.03841075648511232 EB_EC 0.4 1.0 0.03749219389844378
3601 zg 1809111300050124 5.2356923 59.2758444 2 nan nan nan nan nan nan nan nan nan nan nan
3603 zg 1809111300029675 5.1006538 59.2169705 55 24.692840576171875 1.707031961087191 0.06679686080008845 0.13400842690556342 0.9973726905723661 0.2938326966430291 0.01877159780886335 DSCT 0.84 1.0 0.07721656411161275
3606 zg 806103400000019 4.9219033 59.2604791 127 56.82328414916992 2.7335023141578163 0.04269468929146726 0.33660468160908913 0.9999541023165953 0.12871594857566865 0.013916505896313602 DSCT 0.49 1.0 0.07611582707667895
3607 zg 806103400042063 4.9985016 59.2241579 184 46.08906936645508 3.8381679827186965 3.117384853362943e-07 27.41151999841404 0.9999528491498271 0.21248245047000291 0.06652970037735327 CEPH_Other 0.44 1.0 27.27726943381292
3608 zg 806103400030002 5.1932799 59.2411161 5 nan nan nan nan nan nan nan nan nan nan nan
3609 zg 1809111300048024 4.9167457 59.265393 1 nan nan nan nan nan nan nan nan nan nan nan
"" zg 806103100044924 5.0700327 59.3920965 1 nan nan nan nan nan nan nan nan nan nan nan
3611 zg 806103400039733 5.0253607 59.2189666 397 126.91447448730469 1.7678708768018032 0.023376232571920095 0.15642241375103458 0.9999469712346448 0.05400415973977384 0.003017046373564332 NonVar 0.55 1.0 0.13521296335885816
3612 zg 806103400039734 5.1259268 59.2200683 290 36.24888229370117 1.3774627197342066 0.0004865704579257132 29.513727768225547 0.9999541023165953 0.09863389238431323 0.044565848249498906 NonVar 0.57 1.0 0.6652710705392756
3611 zg 1809111300037925 5.0254017 59.2189496 65 71.56597137451172 1.200384229054047 0.14731807552696347 0.4914289796879852 0.9973726905723661 0.2328992581446209 0.031055282681314435 NonVar 0.48 1.0 0.03421825404071224
3607 zg 1809111300046052 4.9985221 59.2240671 24 10.867195129394531 0.7598019951228452 0.07548444449286254 0.34238588247715046 0.9973015296623872 0.541553733992862 0.04843284822798 EB_ESD 0.69 1.0 1.7259980698511193
3612 zg 1809111300037930 5.1259355 59.2200514 48 21.33136558532715 1.4745332149854486 0.021820751516933783 0.27801807750385105 0.9973297471900333 0.363487461162947 0.0007362216451243279 RRL_e 0.43 1.0 0.27799200411858516
"" zg 806103100044992 4.9380607 59.3597753 0 nan nan nan nan nan nan nan nan nan nan nan
"" zg 806103100049128 5.1662662 59.3780027 0 nan nan nan nan nan nan nan nan nan nan nan
3614 zg 1809111300049981 5.2415892 59.3217197 1 nan nan nan nan nan nan nan nan nan nan nan
3615 zg 1809111300042974 5.1674535 59.2302139 46 47.12882614135742 3.7587904128496334 0.0038929899936144055 0.40126999110634815 0.9973726905723661 0.4262537640983076 0.04727102312700064 DSCT 0.64 1.0 0.11751952778850068
3615 zg 806103400039709 5.1674479 59.2302066 319 70.81006622314453 6.418308199790542 1.623136306606857e-07 0.5000105381508589 1.0000439103397996 0.13114960946374013 0.11044635174482426 RRL_ab 0.4 1.0 0.4999861498248811
3618 zg 1809111300037935 5.0301692 59.2181211 6 nan nan nan nan nan nan nan nan nan nan nan
"" zg 806103100029682 4.9009532 59.3176145 0 nan nan nan nan nan nan nan nan nan nan nan
3619 zg 1809111300036991 5.2257939 59.3447654 59 25.743745803833008 1.0217902194363657 0.18037376507693265 0.1904957140197245 0.9973726905723661 0.2472694643534763 0.09468451284030868 DSCT 0.52 1.0 0.052789638967011714
3613 zg 1809111300048160 5.0520488 59.2160481 0 nan nan nan nan nan nan nan nan nan nan nan
3619 zg 806103100029417 5.225781 59.3448062 374 44.63554763793945 1.3333381024764854 0.17009953097719077 0.28955184795549854 0.9999541023165953 0.04852211092686628 0.00232296259963862 NonVar 0.51 1.0 0.04866211237411536
3620 zg 806103400000654 5.1835018 59.2361916 232 25.71401596069336 1.360776483749798 0.045640721349499494 2.082191023427802 0.9972943841802304 0.08501094736574012 0.0043716553548758886 NonVar 0.55 1.0 0.040662600490693875
3622 zg 806103400041944 4.9193783 59.262158 78 21.85847282409668 1.5009421675056274 0.06514995811990708 0.9648000054397834 0.4992999841186953 0.19105552635167317 0.197832796835195 DSCT 0.75 1.0 0.05874203089430899
"" zg 806103400044237 4.9445008 59.2440822 1 nan nan nan nan nan nan nan nan nan nan nan
3618 zg 806103400044291 5.030294 59.2180271 29 22.651630401611328 4.133979530404274 0.00019372982142642895 0.9947259369584563 0.9972937852957261 0.6600578908524303 0.41696102913651467 RRL_ab 0.27 1.0 1.0002761795454567
3620 zg 1809111300037829 5.1836013 59.2361938 32 14.97496509552002 1.300684738094835 0.059817693770392595 0.1672107488067084 0.9973726905723661 0.4489532082144853 0.1660788665229968 DSCT 0.57 1.0 0.03718814366982673
3623 zg 806103400039708 5.168706 59.2304596 235 71.53467559814453 6.711181557298207 3.363506209867315e-05 0.33246140194310775 0.9999587191800864 0.13518844018981382 0.08451940327364654 RRL_d 0.25 1.0 0.33246742107720273
3622 zg 1809111300037624 4.9193268 59.2621376 40 22.246938705444336 2.12104295643406 0.01817973989624792 0.2035482713419871 0.9973015298770976 0.4219517818603567 0.14841897309064714 DSCT 0.78 1.0 0.09034057046561494
3624 zg 1809111300046058 5.0235382 59.2189366 46 40.353515625 1.3724261716199888 0.0177856493078772 0.9248445792240486 0.9973307368133587 0.3814107314857557 0.07910904565357421 CEPH_Other 0.29 1.0 0.9246784919920561
3624 zg 806103400042073 5.0234899 59.2189422 253 45.16756820678711 1.4392958447770365 0.000945726412835859 0.9970910378489743 0.9973989832602258 0.10430587359093396 0.7955993103949986 NonVar 0.83 1.0 0.04851711124242582
3625 zg 1809111300002513 4.9981647 59.383984 25 13.407917976379395 1.6415702860269796 4.777143094463621e-05 0.127249345286609 0.9973025237642968 0.7703531264539983 0.2600890052415935 DSCT 0.69 1.0 0.12725538175082254
3626 zg 1809111300037881 4.9959028 59.2243932 1 nan nan nan nan nan nan nan nan nan nan nan
3608 zg 1809111300046019 5.1937785 59.2408773 3 nan nan nan nan nan nan nan nan nan nan nan
3625 zg 806103100028988 4.9980488 59.383986 168 29.29551124572754 2.4269069692741407 1.3042724405663377e-09 27.366423018347447 0.9973028034377411 0.27860955519769554 0.1291727825995061 CEPH_Other 0.43 1.0 27.40441617000002
3628 zg 806103100029644 5.2407357 59.3246887 409 458.1162414550781 2.701728591241679 0.0035882652996710087 0.9895544037986362 0.9999469712346448 0.060629476211299174 0.04454677919013562 EB_ED 0.53 1.0 0.9894723477585317
3623 zg 1809111300037867 5.1687823 59.2304146 49 46.1309814453125 4.730570003004731 0.008465101382117902 0.5052603922801793 0.9973726905723661 0.3850264131121182 0.004935888555843217 CEPH_F 0.51 1.0 2.2120776834123
3628 zg 1809111300004404 5.2407539 59.3246766 68 784.0115356445312 30.366255938969864 0.03996706212975186 338.735506111498 0.9973726905723661 0.2555255520648656 0.9409585228432282 CEPH_Other 0.19 1.0 0.8275680695035377
3630 zg 806103400000974 5.0067614 59.2218177 60 16.111408233642578 1.3558154719601474 0.005813209183202837 0.3516347739271845 1.0000204298209272 0.32633187733772223 0.0006107666155124194 RRL_c 0.43 1.0 0.2601572594255443
3631 zg 1809111300047819 5.2293235 59.3415059 0 nan nan nan nan nan nan nan nan nan nan nan
3632 zg 806103100035718 5.1784937 59.3739437 0 nan nan nan nan nan nan nan nan nan nan nan
3630 zg 1809111300007452 5.0070184 59.2217394 11 11.587162017822266 2.0378917592788923 0.034922659508978826 0.2620349428565439 0.9974156025634294 0.8867550493372984 0.34174572950942805 DSCT 0.5 1.0 0.13258316953670474
3633 zg 1809111300037708 4.935477 59.2492634 20 9.909280776977539 1.2829193942105361 0.002684207820288579 0.32288495529351247 0.9973025237642968 0.7481252138575217 0.16304831110499204 DSCT 0.53 1.0 0.13861656370067676
3634 zg 1809111300037934 5.0284787 59.2181025 0 nan nan nan nan nan nan nan nan nan nan nan
3635 zg 1809111300002571 4.9885798 59.3816531 0 nan nan nan nan nan nan nan nan nan nan nan
3636 zg 1809111300007215 4.9804575 59.2285973 2 nan nan nan nan nan nan nan nan nan nan nan
3633 zg 806103400029920 4.9352926 59.2492886 93 25.280452728271484 1.902445952883725 2.441748001998242e-05 29.372139089567973 0.9972969457985906 0.2959037743377658 0.17238758265806084 CEPH_Other 0.46 1.0 0.969253771940219
3632 zg 1809111300002897 5.1789255 59.373869 0 nan nan nan nan nan nan nan nan nan nan nan
3642 zg 806103400021031 4.9921242 59.2251236 16 12.202199935913086 2.7267226839055136 0.0009197297060335902 1.0455034040739537 0.997199845802044 0.8595487596261457 0.26327771051379334 DSCT 0.66 1.0 0.09678924483549482
3643 zg 1809111300045799 4.899024 59.3123604 0 nan nan nan nan nan nan nan nan nan nan nan
3645 zg 1809111300006463 5.2178415 59.2555755 7 nan nan nan nan nan nan nan nan nan nan nan
3642 zg 1809111300037878 4.9918772 59.2251332 3 nan nan nan nan nan nan nan nan nan nan nan
3640 zg 806103400039746 5.0810311 59.215206 3 nan nan nan nan nan nan nan nan nan nan nan
3640 zg 1809111300029691 5.0805982 59.2151919 0 nan nan nan nan nan nan nan nan nan nan nan
