t_zg_0418_original.ecsv
# %ECSV 1.0
# ---
# datatype:
# - {name: SourceID, datatype: int32}
# - {name: filter, datatype: string}
# - {name: OID, datatype: string}
# - {name: RA, datatype: float64}
# - {name: DEC, datatype: float64}
# - {name: numobs, datatype: int32}
# - {name: DELTA_SIG_MAG, datatype: float64}
# - {name: CONST_CHI2, datatype: float64}
# - {name: LNP_SIG, datatype: float64}
# - {name: period, datatype: float64}
# - {name: period_c, datatype: float64}
# - {name: power, datatype: float64}
# - {name: power_c, datatype: float64}
# - {name: upsilon_class, datatype: string}
# - {name: upsilon_prob, datatype: float64}
# - {name: upsilon_flag, datatype: float64}
# - {name: upsilon_period, datatype: float64}
# schema: astropy-2.0
SourceID filter OID RA DEC numobs DELTA_SIG_MAG CONST_CHI2 LNP_SIG period period_c power power_c upsilon_class upsilon_prob upsilon_flag upsilon_period
[from data line 4422]
3647 zg 806103100029250 4.9315134 59.3563692 64 12.666192054748535 1.2519045085133738 0.006274591550281571 0.11438315069345671 0.9974334680904735 0.3077484347473929 0.011138331961041133 DSCT 0.85 1.0 0.0557539534137137
"" zg 1809111300042848 5.2251828 59.2616064 0 nan nan nan nan nan nan nan nan nan nan nan
3650 zg 806103100044983 4.94411 59.3642652 3 nan nan nan nan nan nan nan nan nan nan nan
3634 zg 806103400030159 5.0281377 59.2178531 3 nan nan nan nan nan nan nan nan nan nan nan
3647 zg 1809111300003313 4.9313475 59.3563722 6 nan nan nan nan nan nan nan nan nan nan nan
3653 zg 806103100018157 5.1839091 59.3722097 176 46.23566818237305 3.899141703639241 1.9618809288914697e-09 1.0350623297277495 0.9999560934140657 0.26751645048768224 0.26525263092754864 CEPH_Other 0.48 1.0 1.0351498552912233
3653 zg 1809111300036830 5.1839802 59.3721851 22 15.102277755737305 1.7480983918255528 0.005620888077084468 0.4909281368875104 0.9974428304238611 0.6882615592551263 0.2467698149084961 DSCT 0.7 1.0 0.06039086966958851
3658 zg 806103100048020 5.1946307 59.3673292 29 13.311125755310059 1.5128021447038662 0.011121893794318178 0.19965363765751723 0.9974243828731774 0.5373756933876188 0.1811352692556066 DSCT 0.78 1.0 0.061179595655045674
3650 zg 1809111300047746 4.9439351 59.3643982 0 nan nan nan nan nan nan nan nan nan nan nan
3656 zg 1809111300042427 4.9175604 59.3453441 1 nan nan nan nan nan nan nan nan nan nan nan
3659 zg 806103100029282 4.9272226 59.353647 50 26.455076217651367 4.370192005158563 1.6979190861599645e-05 1.0323059087243152 0.9973649623580872 0.5160913201788457 0.15935418783114472 DSCT 0.57 1.0 0.10329812635955084
3656 zg 806103100018810 4.9175494 59.3453805 5 nan nan nan nan nan nan nan nan nan nan nan
3658 zg 1809111300052767 5.1947074 59.3673367 4 nan nan nan nan nan nan nan nan nan nan nan
3661 zg 806103400030156 5.1252143 59.2190314 399 197.42359924316406 2.013883259034503 0.00015964457896832672 327.14519740700956 0.9999469712346448 0.07574868068935685 0.14137952107176568 EB_ED 0.35 1.0 1.0030127646010831
3661 zg 1809111300029659 5.1252626 59.2190257 67 127.46292877197266 3.4695043755693447 0.08060164383172237 0.1755367687505244 0.9973726905723661 0.24349892217310753 0.02536028946452204 NonVar 0.45 1.0 0.04074981588964512
3659 zg 1809111300003390 4.927273 59.3537358 10 7.602556228637695 1.2563429639516503 nan 0.14747131048979853 0.10760126606476132 2.9730477405941644 0.9971512119059026 DSCT 0.63 1.0 0.04398857330785712
3662 zg 1809111300007719 5.0736436 59.2147661 54 16.399677276611328 0.9219366524493303 0.038488283331476573 0.11805124145921532 0.9973726905723661 0.3151742475075045 0.0037574321713820073 DSCT 0.77 1.0 0.11805456315656233
3662 zg 806103400001156 5.0736242 59.214766 336 32.378028869628906 1.2576662444232494 0.006886276615386906 0.5079259138272783 0.9973905747271518 0.07171435306975919 0.03392197431177916 NonVar 0.62 1.0 0.5863996850887921
3666 zg 806103400035947 4.9644112 59.2337153 9 nan nan nan nan nan nan nan nan nan nan nan
3668 zg 806103100019096 5.2333627 59.3382973 411 104.94326782226562 1.8164090407576874 0.16490143983850916 0.25572718648881565 0.9999469712346448 0.04375065990463199 0.0020952026502746397 EB_ED 0.8 1.0 0.04038452716753987
3670 zg 1809111300042988 4.9931803 59.2243206 0 nan nan nan nan nan nan nan nan nan nan nan
3669 zg 806103100019945 5.2465848 59.3087194 388 114.56200408935547 2.3423371066724705 0.0003807820355144593 311.4100620362023 0.9999469712346448 0.07457177601245087 0.06090520731823212 EB_ED 0.53 1.0 1.005088858292366
3668 zg 1809111300004006 5.2334014 59.3382865 66 57.98835372924805 1.0848841086950172 0.07479189487958893 0.11031169113859511 0.9973726905723661 0.2483399955702828 0.03690691557146736 NonVar 0.55 1.0 0.04896304544373682
3669 zg 1809111300004889 5.2466173 59.3087093 66 83.40536499023438 2.841642706883793 0.13727855329239097 18.68644401105966 0.9973726905723661 0.2318363750022621 0.03171093049162958 EB_EC 0.24 1.0 19.721763008450502
"" zg 1809111300050184 4.9413411 59.2447326 0 nan nan nan nan nan nan nan nan nan nan nan
3671 zg 806103100029290 4.9254282 59.3525759 7 nan nan nan nan nan nan nan nan nan nan nan
3673 zg 806103400001129 5.0422514 59.2159225 404 285.5670166015625 1.8567502962899052 1.1224437891135257e-09 344.5551077608022 0.9999469712346448 0.12317210132392907 0.3092856162647127 NonVar 0.29 0.0 323.7223697749996
3673 zg 1809111300007659 5.0422843 59.2159093 68 510.5556335449219 7.552429484581 0.11604379068007464 338.735506111498 0.9973726905723661 0.2286129912329485 0.9409585228432282 NonVar 0.54 1.0 0.04097519016767582
3666 zg 1809111300037818 4.9643803 59.2335789 1 nan nan nan nan nan nan nan nan nan nan nan
3671 zg 1809111300028082 4.9255038 59.3527004 4 nan nan nan nan nan nan nan nan nan nan nan
"" zg 1809111300027657 5.0601072 59.3930603 0 nan nan nan nan nan nan nan nan nan nan nan
3665 zg 1809111300036965 5.2228748 59.349413 0 nan nan nan nan nan nan nan nan nan nan nan
3677 zg 806103400039747 5.0836418 59.2146918 3 nan nan nan nan nan nan nan nan nan nan nan
3679 zg 1809111300002285 5.0717445 59.3933098 22 12.624046325683594 1.438196159970489 0.14169051984127057 0.14547522924417083 0.9973495989455526 0.5261311937413767 0.26773673374847595 RRL_ab 0.5 1.0 0.5335347411810762
3679 zg 806103100028870 5.0716027 59.393312 172 20.319324493408203 1.2668479413806797 0.02837300248389167 27.38114477066235 0.9999469668503558 0.11613950749715372 0.11520539818467176 DSCT 0.52 1.0 0.04496648425288564
"" zg 1809111300002352 5.1097958 59.3912216 1 nan nan nan nan nan nan nan nan nan nan nan
3681 zg 1809111300004900 4.8968814 59.3024807 65 57.63328552246094 1.6234844355054723 0.11310492451827085 0.13562834506003763 0.9973726905723661 0.24297831548157267 0.042630854527181614 EB_ED 0.56 1.0 0.06053543615061975
3680 zg 1809111300003005 5.1885264 59.37079 0 nan nan nan nan nan nan nan nan nan nan nan
3681 zg 806103100020006 4.8968682 59.3024888 237 107.4623794555664 2.9385586266454164 0.0001597134344840578 0.9966453751832828 0.9998255097079318 0.12160545850168945 0.20471405570035403 EB_ED 0.35 1.0 0.9963857260682373
3683 zg 1809111300006039 4.9141044 59.2651776 68 509.8199157714844 11.237995755138087 0.06395336534389895 338.735506111498 0.9973726905723661 0.24387333411119705 0.9409585228432281 RRL_ab 0.63 1.0 0.4897674619097536
3684 zg 1809111300027731 5.0017734 59.3859349 66 83.17239379882812 1.9291859457904987 0.20693460829470087 0.9624116433766314 0.9973726905723661 0.2205604341956898 0.0606787050403995 NonVar 0.42 1.0 0.3484063631749156
3686 zg 1809111300002811 4.9601915 59.3729018 1 nan nan nan nan nan nan nan nan nan nan nan
3684 zg 806103100017710 5.0017454 59.3859484 412 145.93687438964844 2.458816911923499 0.09686959102091791 0.1432438188873845 0.9999469712346448 0.0462341703448086 0.006910029172289078 NonVar 0.67 1.0 0.0423125013593438
3688 zg 1809111300042445 5.2278523 59.3452017 4 nan nan nan nan nan nan nan nan nan nan nan
3686 zg 806103100035701 4.9601461 59.372987 3 nan nan nan nan nan nan nan nan nan nan nan
3691 zg 1809111300002635 4.976633 59.3791597 3 nan nan nan nan nan nan nan nan nan nan nan
3690 zg 806103100029398 5.2266567 59.3465244 7 nan nan nan nan nan nan nan nan nan nan nan
3691 zg 806103100017901 4.9766286 59.3791786 24 10.935349464416504 1.1657974285199635 0.008229860928344426 0.5287942220295613 0.9972109214646405 0.6285542326887918 0.047880128211564 RRL_ab 0.95 1.0 0.5287981570287786
3692 zg 1809111300042543 4.8984282 59.3174671 4 nan nan nan nan nan nan nan nan nan nan nan
3693 zg 806103100035574 5.0240049 59.3901408 157 36.50243377685547 2.9673992144297436 2.515708245864667e-07 1.0324437832664084 0.997297874030822 0.24804026535760693 0.16434397560617442 EB_ESD 0.19 1.0 29.38810465546874
3695 zg 1809111300002298 5.042459 59.3923058 44 17.390941619873047 1.4822724912795757 0.0028335348772319502 0.1143492862756649 0.9973726905723661 0.44897522125999756 0.030632153605321743 DSCT 0.66 1.0 0.048942508689268985
3693 zg 1809111300002344 5.0240101 59.3901759 19 13.720648765563965 2.0118664360060627 0.01808458568238246 0.2107606321310658 0.9973182423482883 0.7003232050728369 0.12672988553720768 DSCT 0.78 1.0 0.07850736360802502
3695 zg 806103100017574 5.0424833 59.392313 291 26.5009822845459 1.4278737442207126 9.008127387396222e-07 29.429913212401047 0.9972878298900728 0.13762556845248597 0.06535201708594233 EB_ED 0.35 1.0 29.281477830000057
3688 zg 806103100045037 5.2281193 59.3452418 20 24.835067749023438 5.328721758014232 0.002910358075566602 0.10324153268647661 0.9973663550301959 0.7393981931965341 0.33151475603376074 DSCT 0.51 1.0 0.03572601414924625
3692 zg 806103100019586 4.8983277 59.3175923 15 22.81528091430664 6.1848430860061105 0.004371754161045758 0.3368824567693346 0.9978016302566696 0.8374217039183569 0.6678911388226606 DSCT 0.47 1.0 0.030329908767270188
"" zg 806103400044229 5.2119007 59.2495519 0 nan nan nan nan nan nan nan nan nan nan nan
3699 zg 1809111300007149 5.1824121 59.2340315 3 nan nan nan nan nan nan nan nan nan nan nan
3689 zg 806103100039853 5.0590393 59.3934267 0 nan nan nan nan nan nan nan nan nan nan nan
3700 zg 806103400000958 5.1518924 59.2238883 395 93.35550689697266 1.5866776876944226 0.0006154009063712714 297.1191301467191 0.9999469712346448 0.07043091620547753 0.07731282615521147 LPV_SRV_AGB_O 0.34 1.0 298.82064902307656
3700 zg 1809111300007461 5.1519136 59.2238847 66 72.48255920410156 1.7031241158897328 0.0012693067302034081 0.10494439900250266 0.9973726905723661 0.3437672355837994 0.11696586231995854 DSCT 0.67 1.0 0.07952775450672947
3696 zg 1809111300037388 5.2476908 59.2984327 0 nan nan nan nan nan nan nan nan nan nan nan
3701 zg 1809111300003774 4.9122854 59.3415909 58 28.14826774597168 1.4765593295111676 0.04613457014655031 0.47099731847429904 0.9973717276003407 0.29272014580179073 0.0036503972049262133 DSCT 0.61 1.0 0.04711294436257188
3701 zg 806103100018911 4.9122592 59.3415922 287 43.55683898925781 1.9395658950335553 0.017295571141865005 0.12497000619523317 0.9999348120575894 0.07515311833452311 0.00665111134549399 DSCT 0.61 1.0 0.12497012480238433
3704 zg 1809111300002661 5.1611724 59.3814222 68 1069.0528564453125 20.273616195967396 0.32205624605216665 338.735506111498 0.9973726905723661 0.19962483095289363 0.940958522843228 NonVar 0.57 1.0 0.04234825869045775
3705 zg 1809111300007107 4.9675563 59.2316245 68 545.9422607421875 5.846942255358122 0.4243516571583021 338.735506111498 0.9973726905723661 0.19042708940406053 0.9409585228432283 NonVar 0.67 1.0 0.21302984536741
3706 zg 1809111300028516 4.8968505 59.3126247 31 12.499606132507324 1.3776573621761736 0.0003923763361659345 32.26344879767146 0.9973015298770976 0.629950719211274 0.29891261931010615 DSCT 0.85 1.0 0.06702743650204791
3705 zg 806103400000706 4.9675259 59.2316322 390 279.6902160644531 1.8692398772315097 6.755685844453305e-16 344.5551077608022 0.9999469712346448 0.18426056090869936 0.3117766911283469 LPV_OSARG_RGB 0.315 0.0 323.7223697749996
3704 zg 806103100017891 5.1611639 59.3814374 418 255.08169555664062 1.6462013645785891 6.371917865106998e-06 186.0968275566151 0.9999469712346448 0.08571499188475155 0.013404813369350878 LPV_OSARG_RGB 0.29 1.0 184.98421129999977
3706 zg 806103100019732 4.8968109 59.312612 125 21.071056365966797 1.5753961379729255 0.016243260866283978 0.443631927217737 0.9998564559877036 0.16175514139314326 0.0420393939585475 NonVar 0.37 1.0 0.44366470441687994
3710 zg 1809111300006524 4.9326982 59.2490006 66 94.78547668457031 1.785670064019955 0.07721132730191409 0.10278587565081532 0.9973726905723661 0.24435488849848877 0.06470363141228286 NonVar 0.61 1.0 0.035859587523048186
3710 zg 806103400000274 4.9326463 59.249007 263 169.84954833984375 3.0606541737420714 0.0009038197821652989 327.14519740700956 0.9973284181763296 0.09535637983527458 0.15521802362924086 LPV_OSARG_RGB 0.37 1.0 323.7223697749996
"" zg 1809111300029159 4.9170009 59.2612815 0 nan nan nan nan nan nan nan nan nan nan nan
3711 zg 1809111300007566 5.0180522 59.2182589 62 28.742597579956055 1.2029425394982585 0.011880927443355765 0.40573483333229754 0.9973726905723661 0.31226894165133895 0.027341887632301682 RRL_c 0.55 1.0 0.40575055740364696
3711 zg 806103400030151 5.0180151 59.2182513 369 54.03230667114258 1.630680505472409 0.009100302687117597 0.5042093998524726 0.9999469712346448 0.06310225303661587 0.009860201094582875 RRL_ab 0.35 1.0 0.5041750080856581
3712 zg 1809111300002297 5.094111 59.3931798 1 nan nan nan nan nan nan nan nan nan nan nan
3708 zg 806103100029001 4.9866912 59.3826641 0 nan nan nan nan nan nan nan nan nan nan nan
"" zg 806103100035771 5.2000904 59.36585 1 nan nan nan nan nan nan nan nan nan nan nan
3689 zg 1809111300042245 5.0591108 59.3936576 0 nan nan nan nan nan nan nan nan nan nan nan
3713 zg 806103100029328 4.9207815 59.3502214 71 21.02935791015625 2.2627033123770857 0.002631046215256026 0.500178064023022 0.9972969457985906 0.291114116338305 0.14376432576156314 NonVar 0.51 1.0 0.03638615899189404
3713 zg 1809111300003497 4.9207682 59.3502375 8 nan nan nan nan nan nan nan nan nan nan nan
3714 zg 1809111300042998 5.0031448 59.220996 6 nan nan nan nan nan nan nan nan nan nan nan
3715 zg 806103400020806 5.2074102 59.2461596 249 38.16831970214844 2.2019798142972373 6.982139081759351e-07 0.5079061037456775 0.9973028034377411 0.1551694348379107 0.0609357246715834 RRL_ab 0.68 1.0 0.5078922774424149
"" zg 806103400039750 5.0561496 59.2141558 0 nan nan nan nan nan nan nan nan nan nan nan
3717 zg 1809111300028318 5.2364274 59.3368686 15 8.165056228637695 0.9601436569348369 0.9846984530263458 0.14729080667685446 0.9974024797310644 0.356692724698118 0.4795131372084021 DSCT 0.28 1.0 0.059831124724083244
3717 zg 806103100029510 5.2364478 59.3368509 161 25.392839431762695 1.7403526039005068 0.023942012994813217 0.24129703803796176 0.9972878298900728 0.1268685636308843 0.00020321261047684 NonVar 0.55 1.0 0.03455072991722191
3714 zg 806103400000994 5.003092 59.2209361 49 37.49072265625 7.887439772366038 6.15097859004116e-07 0.9947371085394848 1.0000237052073198 0.5688848951189113 0.5740255322807718 DSCT 0.52 1.0 0.03632806939263048
3715 zg 1809111300006769 5.2075198 59.2460976 49 23.180482864379883 1.6934361253887344 0.016468135939051713 0.19076004999180649 0.997370740095351 0.3660075835693786 0.06086963204584554 DSCT 0.53 1.0 0.04018488823934599
3719 zg 806103400001181 5.0661844 59.2137643 406 176.75201416015625 2.2308953761999195 3.068577376019065e-13 344.5551077608022 0.9999469712346448 0.15467485117535817 0.3119036513875018 LPV_SRV_AGB_O 0.28 0.0 323.7223697749996
3719 zg 1809111300007749 5.0661913 59.2137437 68 100.55388641357422 1.3349904061659277 0.03072325665250617 0.1050530523077311 0.9973726905723661 0.2641461169216199 0.12886164333358036 NonVar 0.64 1.0 0.036973098162230295
3720 zg 1809111300053581 5.0094556 59.3882564 21 125.3755874633789 5.2740605328367804 0.16219921507887727 0.13682326159537161 0.9973005357751848 0.5543284975509155 0.2936928774139637 EB_ED 0.63 1.0 0.07699540932034615
3712 zg 806103100047003 5.0941921 59.3933974 2 nan nan nan nan nan nan nan nan nan nan nan
3721 zg 806103400001083 5.1298281 59.2185926 5 nan nan nan nan nan nan nan nan nan nan nan
3724 zg 806103100028864 5.0702892 59.3941634 3 nan nan nan nan nan nan nan nan nan nan nan
"" zg 806103100045048 5.2331314 59.3412923 0 nan nan nan nan nan nan nan nan nan nan nan
3725 zg 806103100028908 5.1163894 59.3913015 2 nan nan nan nan nan nan nan nan nan nan nan
3721 zg 1809111300007613 5.1298696 59.218573 0 nan nan nan nan nan nan nan nan nan nan nan
3722 zg 1809111300037759 4.9444838 59.2413924 0 nan nan nan nan nan nan nan nan nan nan nan
