t_zg_0926.ecsv
# %ECSV 1.0
# ---
# datatype:
# - {name: SourceID, datatype: int32}
# - {name: filter, datatype: string}
# - {name: OID, datatype: string}
# - {name: RA, datatype: float64}
# - {name: DEC, datatype: float64}
# - {name: numobs, datatype: int32}
# - {name: DELTA_SIG_MAG, datatype: float64}
# - {name: CONST_CHI2, datatype: float64}
# - {name: sf, datatype: float64}
# - {name: rmse, datatype: float64}
# - {name: LNP_SIG, datatype: float64}
# - {name: period, datatype: float64}
# - {name: period_c, datatype: float64}
# - {name: power, datatype: float64}
# - {name: power_c, datatype: float64}
# - {name: mean, datatype: float64}
# - {name: std, datatype: float64}
# - {name: min, datatype: float64}
# - {name: max, datatype: float64}
# - {name: sigma_mean, datatype: float64}
# - {name: sigma_std, datatype: float64}
# - {name: gaussian1_err, datatype: float64}
# - {name: gaussian2_err, datatype: float64}
# - {name: lorentzian_err, datatype: float64}
# - {name: shape, datatype: string}
# - {name: upsilon_class, datatype: string}
# - {name: upsilon_prob, datatype: float64}
# - {name: upsilon_flag, datatype: float64}
# - {name: upsilon_period, datatype: float64}
# schema: astropy-2.0
SourceID filter OID RA DEC numobs DELTA_SIG_MAG CONST_CHI2 sf rmse LNP_SIG period period_c power power_c mean std min max sigma_mean sigma_std gaussian1_err gaussian2_err lorentzian_err shape upsilon_class upsilon_prob upsilon_flag upsilon_period
[from data line 681]
1071 zg 806103100040329 5.1422755 59.2909992 66 13.77949047088623 1.2218547853175907 0.9947055585765169 0.20890364050865173 0.0003696375614032057 0.14115467735375348 0.9973883587317647 0.3662581121807558 0.12195425289707736 21.380287170410156 0.20890364050865173 20.983129501342773 22.044612884521484 -0.07560979574918747 1.1046440601348877 1.311451363356139 1.14170734054345 0.9651956756291822 l EB_ESD 0.46 1.0 0.14115534938370256
1074 zg 1809111300028267 5.041634 59.3386829 29 10.996307373046875 0.9171123629648718 0.9935876499623786 0.15615837275981903 0.105744174653885 0.1049312325800319 2800.0 0.45237732510782325 0.1338725302009735 20.705066680908203 0.15615837275981903 20.414859771728516 21.015262603759766 -0.06489657610654831 0.9475823640823364 9.993283386647766 6.943439579937443 9.489495955091025 g2 DSCT 0.34 1.0 0.04674377709179211
1075 zg 1809111300005909 5.0326826 59.2714836 45 22.533334732055664 1.883913152946298 0.5816864832053824 0.18896090984344482 0.057537925179039495 0.48968133476459264 2800.0 0.3484885868046283 0.08644591066339614 20.470136642456055 0.18896090984344482 20.010520935058594 21.125896453857422 -0.1374136209487915 1.3798494338989258 0.7167415441902063 0.07146447628416853 0.6097400096644257 g2 DSCT 0.62 1.0 0.06296060339028772
1074 zg 806103100029463 5.0415584 59.3387145 196 23.939544677734375 1.387037255969813 0.9996710035110884 0.16648413240909576 0.003916233781671552 0.11785737868360624 1.0000143393856216 0.12406662545811792 0.001118983777370462 20.772022247314453 0.16648413240909576 20.166629791259766 21.147157669067383 -0.08233287930488586 1.184046983718872 0.8203151108853206 0.013996358426987602 0.6025331562788814 g2 DSCT 0.83 1.0 0.11785805227355402
1072 zg 806103100036219 4.9973546 59.303123 50 53.528785705566406 16.834196416464074 6.0102302855615145e-59 0.321056991815567 2.6716510264850364e-09 0.9972770960957155 0.49929335541719205 0.6768055575006167 0.9250254450310222 21.137977600097656 0.321056991815567 19.303810119628906 21.5029354095459 -0.4508182406425476 4.296431541442871 0.027400082595242747 99999.0 0.03166780684649437 g1 DSCT 0.55 1.0 0.07374151066725186
1081 zg 806103100040252 5.1468617 59.3015249 132 27.790922164916992 2.13870914467201 0.27701573275991226 0.21725642681121826 0.00024763107921469183 1.035084758357404 0.9973190112204673 0.21402510587580317 0.3160500251662832 21.069759368896484 0.21725642681121826 20.160690307617188 21.542484283447266 -0.11702197790145874 1.473511815071106 0.3105920497329262 99999.0 0.24917905802643556 l DSCT 0.74 1.0 0.13989766426276667
1081 zg 1809111300005072 5.1468734 59.3015482 19 18.564016342163086 3.0007145193200864 0.07887495394442935 0.28520169854164124 0.00455340495777765 0.43278090534775043 2800.0 0.7520478128357502 0.001970592905042995 20.93577766418457 0.28520169854164124 20.288049697875977 21.51935386657715 -0.19593261182308197 1.7233320474624634 1.0431949951968529 0.8147207258650928 1.0403241346703997 g2 RRL_ab 0.49 1.0 0.4328203433375641
1076 zg 806103100047261 5.1414587 59.2892422 31 12.692562103271484 1.450340748122252 0.871718534842245 0.22951246798038483 0.03178290761746762 0.1754969535666207 1.0000523141737303 0.4604409726959664 0.021971312940452757 21.564069747924805 0.22951246798038483 21.05366325378418 22.05179214477539 -0.08486638963222504 1.1951994895935059 3.527824241927906 0.6831360422506452 3.466353209462132 g2 DSCT 0.76 1.0 0.04364691799431859
1086 zg 1809111300037516 5.1315577 59.2803875 64 38.506141662597656 0.9129183988721791 0.9999363202264163 0.052370987832546234 0.18307626610834607 0.21473847206543095 2800.0 0.23219194488525133 0.1403529783822414 18.99188232421875 0.052370987832546234 18.857572555541992 19.092967987060547 -0.031798869371414185 0.9495826959609985 36.514083536644314 70.43683596831644 30.059899197910802 l DSCT 0.53 1.0 0.0339914835558573
1103 zg 1809111300003819 5.0590692 59.3421874 66 134.04013061523438 0.7267711044080186 0.9999994670733577 0.013493412174284458 0.06790258901615565 0.27089809241417073 2800.0 0.2532789424903949 0.07241423288081125 16.027664184570312 0.013493412174284458 15.998514175415039 16.066761016845703 -0.0022032351698726416 0.8460347056388855 101.75977783397002 886.3542880665981 76.47413698238225 l NonVar 0.31 1.0 0.2708928561810767
1103 zg 806103100018943 5.0590497 59.3421983 355 188.0123291015625 0.9113726547405571 1.0 0.016856100410223007 0.0017647659812691742 0.4967120486606952 1.0000143393856216 0.07755544693379415 0.0013654522187310158 16.0470027923584 0.016856100410223007 15.977987289428711 16.095476150512695 -0.002353631192818284 0.9533400535583496 19.221626540376377 0.26116197558255766 23.08234450064709 g2 NonVar 0.45 1.0 0.49670225578186594
1108 zg 1809111300042473 5.02847 59.3358247 44 29.739404678344727 2.841191726650081 0.03603264062996541 0.1884007304906845 0.021630393218084014 0.11727191471652812 2800.0 0.3889278911219688 0.04085731292100771 20.20391273498535 0.1884007304906845 19.642566680908203 20.558629989624023 -0.19300957024097443 1.7040300369262695 1.7021977557239452 0.3852087642541163 1.9847188145449448 g2 DSCT 0.56 1.0 0.13290109401693112
1108 zg 806103100035958 5.0284803 59.3358285 261 60.019283294677734 3.04648340116845 9.066423339203671e-08 0.16363079845905304 0.0005239484630519521 0.25216133621213305 1.0000029353002315 0.11106406243918435 0.027678366409646705 20.242420196533203 0.16363079845905304 19.242055892944336 20.71121597290039 -0.15655624866485596 1.7693051099777222 0.15170350104548164 99999.0 0.04405169449372007 l RRL_ab 0.86 1.0 0.5079634327299308
1109 zg 1809111300042472 5.0298105 59.3363293 58 35.27815628051758 2.3203060780139824 0.19081952380519354 0.14377567172050476 0.055410934823564455 0.1763999493762901 2800.0 0.28743377545406507 0.037619864091485995 19.868432998657227 0.14377567172050476 19.462299346923828 20.221328735351562 -0.141980841755867 1.5312070846557617 1.9447981585981509 0.9361355129938724 1.802543143537325 g2 DSCT 0.8 1.0 0.07972245351855987
1109 zg 806103100035957 5.0297802 59.3363557 310 61.30615997314453 2.9065583421283714 2.683036806681582e-07 0.13747812807559967 0.004081942273374492 0.3330649517704054 1.0000143393856216 0.08264318786630022 0.05639445501248329 19.906373977661133 0.13747812807559967 19.239036560058594 20.257183074951172 -0.13982906937599182 1.7224512100219727 0.09464490073996767 0.009456682795037327 0.2682066735628101 g2 RRL_e 0.48 1.0 0.28619376615559344
1114 zg 1809111300005490 5.1418184 59.2877903 14 11.587274551391602 2.443396544434006 0.25555630684591313 0.3024877607822418 0.012894094498604097 0.10285109464834127 2800.0 0.8367105057302106 0.010361228407034143 21.210554122924805 0.3024877607822418 20.761680603027344 21.741443634033203 -0.16481800377368927 1.5328236818313599 99999.0 4.148465509650054 99999.0 g2 DSCT 0.4 1.0 0.08526543198748991
1116 zg 806103100029789 5.1473588 59.311058 332 116.46501922607422 1.910588059091269 0.7128024478705309 0.07026581466197968 0.047015812948631705 0.2868050530804829 1.0000143393856216 0.06337047603972124 0.013264212324873452 19.004648208618164 0.07026581466197968 18.664134979248047 19.357276916503906 -0.057462602853775024 1.3838403224945068 0.4812517302395878 0.07793655344792257 0.6409495973801153 g2 NonVar 0.59 1.0 0.08996558768297037
1116 zg 1809111300004773 5.1473977 59.3110465 64 86.16085052490234 1.7473291243214488 0.7521417596902695 0.06748482584953308 0.436480676337233 0.27282994947887884 2800.0 0.20300710253554002 0.12506901103338205 18.985652923583984 0.06748482584953308 18.66163444519043 19.1741943359375 -0.05410454794764519 1.3151775598526 0.7706892575423525 0.18339449526674534 1.1508130260242284 g2 RRL_ab 0.35 1.0 0.3034774975292557
1117 zg 806103100049143 4.9952381 59.3036885 49 15.251823425292969 1.8188034963190594 0.6535106313956077 0.22992798686027527 0.006514854847002289 0.10394352948688737 0.9972124921927183 0.3830540533270461 0.007082953570778831 21.405550003051758 0.22992798686027527 20.77033233642578 21.774272918701172 -0.10078684985637665 1.3477816581726074 0.8075860260728912 0.39330646569848837 0.5553742284077609 g2 DSCT 0.67 1.0 0.04700417439833852
1128 zg 1809111300004835 4.9952098 59.3066131 26 11.017717361450195 0.7705031952776719 0.9975317196510889 0.14598298072814941 0.03726282245871276 0.38928654375620003 2800.0 0.5396774863749535 0.022314000615170984 20.80810546875 0.14598298072814941 20.48882293701172 21.151655197143555 -0.052521999925374985 0.8655994534492493 4.804117384911205 99999.0 4.972527881799994 g1 RRL_e 0.63 1.0 0.2799609526369797
1128 zg 806103100019925 4.9951903 59.3066177 180 21.409997940063477 1.341397799831338 0.9997974200498131 0.1722336858510971 0.025909833941459983 0.5000314219862085 1.0000175167475613 0.11453729025237183 0.16410566829892165 20.809598922729492 0.1722336858510971 20.296791076660156 21.27568817138672 -0.08136143535375595 1.1637378931045532 0.06095268382445538 0.01797818834923956 0.2569062162921828 g2 NonVar 0.59 1.0 0.05555004994448549
1131 zg 1809111300003802 5.0703368 59.3432879 46 14.566722869873047 0.9631438151906342 0.9987221180148996 0.13498462736606598 0.04862252559491684 0.11105190945164695 2800.0 0.3479528099186983 0.15360407560426123 20.377717971801758 0.13498462736606598 20.110008239746094 20.696395874023438 -0.07732117921113968 0.9798499345779419 0.9058144130691835 0.5819818653479849 0.8709384682500891 g2 DSCT 0.76 1.0 0.08319919374331616
1132 zg 1809111300005423 5.1446139 59.2903527 62 39.80440139770508 0.9989490989632968 0.9996292260267773 0.06722825765609741 0.11568517188135996 0.10333226313765183 2800.0 0.25153557008611255 0.001057250261430176 19.309972763061523 0.06722825765609741 19.11193084716797 19.493497848510742 -0.04409503564238548 0.9943559169769287 8.201518685316998 3.7065981478974557 9.4267679525731 g2 NonVar 0.53 1.0 0.03084716087502447
1131 zg 806103100035909 5.070307 59.3433159 249 29.757774353027344 1.428409362997375 0.9998052612101077 0.14288082718849182 0.00015058963325866007 1.0351611132768417 1.0000110121384305 0.12453752865463977 0.05088418884923908 20.41180419921875 0.14288082718849182 19.901899337768555 20.843002319335938 -0.093259297311306 1.204428791999817 0.1896333400252782 0.0397809043521093 0.3872290158463063 g2 EB_ED 0.29 1.0 1.0351157486561005
1135 zg 1809111300005838 5.126362 59.275794 55 44.78889465332031 2.3730977512955573 0.1640026236569129 0.12511998414993286 0.039585639083301476 0.30985044510386167 2800.0 0.3101907453624353 0.1841746177667893 19.80723762512207 0.12511998414993286 19.26853370666504 19.988113403320312 -0.11851152032613754 1.5433138608932495 0.8970824556165021 0.7983600499567803 1.485179057291235 g2 RRL_e 0.51 1.0 0.25754003560786937
1137 zg 1809111300005663 5.1360901 59.2817288 26 15.002730369567871 1.7977771180574382 0.6083526489743869 0.20895859599113464 0.032516756684605456 1.1943128624065311 2800.0 0.5539769562127025 0.058873793994981785 20.776966094970703 0.20895859599113464 20.306514739990234 21.137889862060547 -0.12068646401166916 1.3327891826629639 2.296828262320794 99999.0 1.5354541792445242 l DSCT 0.64 1.0 0.03767184882089832
1139 zg 1809111300004045 5.1187947 59.3354115 66 94.7750473022461 1.1042557057521476 0.998738654728457 0.031058410182595253 0.06077288743164255 0.22220117653071492 2800.0 0.256122900937883 0.08996068153796949 17.91106605529785 0.031058410182595253 17.823331832885742 17.992900848388672 -0.01579120010137558 1.0432052612304688 9.806426672094656 5.273605049123698 16.411920005674624 g2 NonVar 0.51 1.0 0.22219060196762705
1139 zg 806103100019152 5.1187653 59.3354243 354 119.86434936523438 1.3146827918577768 0.9999999110061406 0.03392252326011658 6.900934437402175e-06 2043.2292424728973 1.0000143393856216 0.10689227516623068 0.43145927330455286 17.940563201904297 0.03392252326011658 17.824451446533203 18.034839630126953 -0.016783392056822777 1.1453670263290405 7.732206547792883 1.1728760533174416 16.53940598933419 g2 NonVar 0.36 1.0 1511.9616666
1140 zg 1809111300003812 5.0841784 59.3429332 63 44.07362365722656 1.4550151630991794 0.9474629917867367 0.08068455755710602 0.07941727776536966 0.11939843642252994 2800.0 0.25938103371487725 0.02953720722365577 19.25135040283203 0.08068455755710602 19.06568717956543 19.471046447753906 -0.06485109031200409 1.201715350151062 5.682929211699266 99999.0 5.452390618814736 l DSCT 0.39 1.0 0.12581949623506028
1140 zg 806103100018934 5.0841396 59.3429393 352 63.13639831542969 1.4250205679562646 0.9999892600722675 0.07194606959819794 0.06171808369229828 0.4372687572190009 1.0000143393856216 0.05859137803477566 0.004238004311513336 19.276569366455078 0.07194606959819794 19.001649856567383 19.473861694335938 -0.05330294743180275 1.1956969499588013 0.6127509767795716 0.13475934619196148 0.6430639936361677 g2 NonVar 0.62 1.0 0.04799319655701453
1144 zg 1809111300005779 5.017308 59.2758506 26 20.612356185913086 2.2507374793393593 0.30171155201788263 0.20587173104286194 0.007289162807195324 0.17526187253132489 2800.0 0.6009952026497646 0.3310632574034746 20.76981544494629 0.20587173104286194 20.07278060913086 21.098949432373047 -0.1343778669834137 1.4951927661895752 0.5252712015227904 0.3347031825746517 0.8782357439464303 g2 DSCT 0.6 1.0 0.05885590113821865
1146 zg 806103100035988 5.1231853 59.3337005 61 12.902949333190918 1.5822284571147434 0.8817713325794214 0.23713456094264984 0.009636374768622271 0.19020300940007204 0.9972934741677675 0.31525571494815713 0.013218522538286391 21.485095977783203 0.23713456094264984 21.02290916442871 22.01738739013672 -0.09467492252588272 1.2585549354553223 0.605489719428296 0.4907089509717382 0.6713422060016913 g2 DSCT 0.65 1.0 0.046041349817247855
1149 zg 1809111300003907 5.1057117 59.3396332 63 52.59233093261719 1.5014769501704608 0.9281623093751363 0.06279024481773376 0.03616297404099569 0.16761975638613602 2800.0 0.2796699343333201 0.01621032328202428 18.88484001159668 0.06279024481773376 18.743000030517578 19.032352447509766 -0.048060834407806396 1.2184479236602783 10.468889732805987 7.301425655500227 7.936033238482281 g2 DSCT 0.77 1.0 0.1676137387598738
1149 zg 806103100019015 5.1056972 59.339641 352 84.66126251220703 1.4366313228605625 0.9999839378439692 0.058849185705184937 0.03350770057367545 0.10965190931884927 1.0000143393856216 0.06196721095765308 0.007666070438634408 18.92242431640625 0.058849185705184937 18.7102108001709 19.138078689575195 -0.04151869937777519 1.1990824937820435 0.4491107985094015 0.2237417796443891 2.5451289137865953 g2 EB_ED 0.54 1.0 0.05613580109155715
1155 zg 1809111300004784 4.9945699 59.3081586 56 34.29694366455078 2.228935985777664 0.26049379885095375 0.14483343064785004 6.265847009815789e-05 0.121102284367224 2800.0 0.4629768084905095 0.20869082536476885 19.876056671142578 0.14483343064785004 19.498477935791016 20.311763763427734 -0.14125743508338928 1.5003042221069336 0.5495801770899864 0.20091012942121506 0.6856214997030771 g2 DSCT 0.88 1.0 0.06540756603138946
1155 zg 806103100019885 4.9945501 59.3081655 301 43.11406326293945 1.663626510252732 0.985195707721641 0.11571988463401794 2.9941364925560612e-05 29.56515587332356 1.0000143393856216 0.11502511067479373 0.025689212270259366 19.91083526611328 0.11571988463401794 19.491077423095703 20.28261947631836 -0.09421432763338089 1.2983094453811646 0.5642370747796077 0.5642370016545177 0.42990910625834455 l NonVar 0.41 1.0 29.646307188235294
