t_zg_0518.ecsv
# %ECSV 1.0
# ---
# datatype:
# - {name: SourceID, datatype: int32}
# - {name: filter, datatype: string}
# - {name: OID, datatype: string}
# - {name: RA, datatype: float64}
# - {name: DEC, datatype: float64}
# - {name: numobs, datatype: int32}
# - {name: DELTA_SIG_MAG, datatype: float64}
# - {name: CONST_CHI2, datatype: float64}
# - {name: LNP_SIG, datatype: float64}
# - {name: period, datatype: float64}
# - {name: period_c, datatype: float64}
# - {name: power, datatype: float64}
# - {name: power_c, datatype: float64}
# - {name: upsilon_class, datatype: string}
# - {name: upsilon_prob, datatype: float64}
# - {name: upsilon_flag, datatype: float64}
# - {name: upsilon_period, datatype: float64}
# schema: astropy-2.0
SourceID filter OID RA DEC numobs DELTA_SIG_MAG CONST_CHI2 LNP_SIG period period_c power power_c upsilon_class upsilon_prob upsilon_flag upsilon_period
[from data line 1646]
1336 zg 806103100042601 5.014252 59.3366241 53 30.78189468383789 3.951507569644242 7.721541479287648e-06 0.9972969457985906 0.9972969457985906 0.48854416483676727 0.9751401852205371 DSCT 0.51 1.0 0.03511546436246175
1339 zg 1809111300005244 4.9885585 59.292621 1 nan nan nan nan nan nan nan nan nan nan nan
1340 zg 806103100019310 5.1411414 59.33042 2 nan nan nan nan nan nan nan nan nan nan nan
8199 zg 1809111300049995 4.9875893 59.3132845 1 nan nan nan nan nan nan nan nan nan nan nan
1332 zg 806103100045025 5.0703872 59.348046 0 nan nan nan nan nan nan nan nan nan nan nan
8200 zg 1809111300028175 5.0675645 59.3479997 1 nan nan nan nan nan nan nan nan nan nan nan
1346 zg 1809111300006047 5.1241965 59.2685571 68 774.2327880859375 20.177835005191728 0.08382448612830334 338.735506111498 0.9973726905723661 0.2370810401663182 0.940958522843228 NonVar 0.45 1.0 0.04234825869045775
1334 zg 1809111300042494 5.0006088 59.3289294 1 nan nan nan nan nan nan nan nan nan nan nan
1347 zg 1809111300028464 4.9911101 59.3197435 3 nan nan nan nan nan nan nan nan nan nan nan
1344 zg 1809111300028220 5.0330753 59.3434374 0 nan nan nan nan nan nan nan nan nan nan nan
1334 zg 806103100036008 5.0001939 59.3286982 9 30.74198341369629 16.958274293416565 nan 0.11583844206157885 0.1158414960414125 10.365049798962803 0.9918405122370827 DSCT 0.52 1.0 0.03587447241998703
1338 zg 806103100040215 4.9859598 59.3093474 50 21.05002212524414 2.6564145613553327 0.008121096820619733 0.16087213807940431 0.9972726436923005 0.3671274529466553 0.024832413744965004 DSCT 0.67 1.0 0.1608723756709095
1338 zg 1809111300037249 4.9859582 59.3093669 8 nan nan nan nan nan nan nan nan nan nan nan
1347 zg 806103100019553 4.9910048 59.3197534 33 15.70758056640625 2.1349378644531116 0.0030994887508089637 0.25909984159276306 0.9972533969075383 0.5212997040711483 0.01706549619900979 DSCT 0.58 1.0 0.03040848322461167
8201 zg 806103100042795 4.9910374 59.2879814 12 8.827962875366211 1.093458095442301 0.004007033195145513 0.7736116075848085 0.9974487685784386 0.8900384389321054 0.28646260623717307 EB_EC 0.49 1.0 0.03592604526707135
1349 zg 1809111300037651 5.0632188 59.2597615 17 21.9478759765625 5.192303528203325 0.009591186094667126 1.0881629135337818 0.9973826346540333 0.7736841847334059 0.5535320478134531 DSCT 0.49 1.0 0.03569758148249985
8202 zg 1809111300037633 5.041528 59.2623647 0 nan nan nan nan nan nan nan nan nan nan nan
8203 zg 806103100036007 5.0009543 59.3293983 3 nan nan nan nan nan nan nan nan nan nan nan
1349 zg 806103400020648 5.0629972 59.2597482 41 16.562244415283203 1.734557086689492 0.008363924585563556 0.14910390334822915 0.9973057563137815 0.4213529791615942 0.0017799948180284649 DSCT 0.57 1.0 0.1491019190646202
1353 zg 1809111300042487 5.0020593 59.3302403 3 nan nan nan nan nan nan nan nan nan nan nan
1355 zg 806103100029971 4.9867871 59.2951427 106 17.866758346557617 1.3979138136252303 0.0037807408342731717 0.1336164133548376 1.000020299799633 0.2102990338504064 0.032783109036473065 DSCT 0.43 1.0 0.04165256826243703
1352 zg 1809111300037098 4.9972814 59.326645 1 nan nan nan nan nan nan nan nan nan nan nan
1355 zg 1809111300028764 4.9867267 59.2951768 16 14.118014335632324 2.7459076001399203 0.0001385809266625092 0.21298873710758953 0.9973942195810187 0.8999624946904706 0.3404919205941079 CEPH_Other 0.34 1.0 0.6771955605567193
1357 zg 806103100019339 5.1434511 59.3293554 4 nan nan nan nan nan nan nan nan nan nan nan
1357 zg 1809111300004235 5.1437327 59.3291771 0 nan nan nan nan nan nan nan nan nan nan nan
1352 zg 806103100019375 4.997295 59.3267353 13 5.66586446762085 0.6415183570059576 0.0008627012405873707 0.13549630746140506 0.997333200951787 0.9208367327263718 0.1999579908510201 DSCT 0.27 1.0 0.13549748502132627
1360 zg 1809111300006231 5.0484205 59.2610548 0 nan nan nan nan nan nan nan nan nan nan nan
8204 zg 1809111300042559 4.9881316 59.3159833 0 nan nan nan nan nan nan nan nan nan nan nan
1350 zg 1809111300005359 4.9894437 59.2896746 1 nan nan nan nan nan nan nan nan nan nan nan
1359 zg 1809111300003750 5.0359331 59.3444546 0 nan nan nan nan nan nan nan nan nan nan nan
1363 zg 1809111300045735 5.1197813 59.3412267 0 nan nan nan nan nan nan nan nan nan nan nan
1362 zg 1809111300028300 5.0086975 59.3345722 6 nan nan nan nan nan nan nan nan nan nan nan
1364 zg 806103400000045 5.0950071 59.2608608 190 243.88160705566406 1.5627908206055119 1.1743862307100356e-09 326.3401371792759 0.9999661926656115 0.22393084303461522 0.1310651067839637 LPV_OSARG_RGB 0.34 0.0 321.9757407249999
1364 zg 1809111300006258 5.0950262 59.2608459 68 1376.585693359375 22.929268414860335 0.230783963061136 338.735506111498 0.9973726905723661 0.20962280870182015 0.9409585228432289 RRL_ab 0.37 1.0 0.5000875619999948
1363 zg 806103100029446 5.1195853 59.341355 1 nan nan nan nan nan nan nan nan nan nan nan
1362 zg 806103100019137 5.0087377 59.3346665 62 22.27527618408203 2.6628797182824853 0.003293641312092765 0.1704373605158619 0.9972942978961291 0.3339460344337082 0.10486610026426789 DSCT 0.78 1.0 0.09305973175062335
1366 zg 806103100019502 4.9918009 59.3216542 405 162.19654846191406 2.7531695938065064 9.672280949491577e-05 0.4999654065970339 0.9999469712346448 0.07726458104579045 0.12979108516159682 NonVar 0.53 1.0 0.3324491602310651
1366 zg 1809111300004370 4.9917884 59.3216476 65 138.6291961669922 3.4824384826631434 0.003434369552384979 0.11347634382966774 0.9973726905723661 0.3258981445790582 0.10468234570484253 NonVar 0.57 1.0 0.03741270135463664
1367 zg 806103100018788 5.0643326 59.3483779 15 13.695205688476562 2.659534104639133 0.00032360361574722746 0.13157029237810097 0.9998538186477918 0.8799957242102869 0.051961847086331975 DSCT 0.59 1.0 0.12553589073626775
1353 zg 806103100029550 5.0016415 59.3304207 9 nan nan nan nan nan nan nan nan nan nan nan
1369 zg 806103400000001 5.1175851 59.2656984 163 133.78253173828125 1.461023124938744 7.582259654821876e-07 343.761181195781 0.9999661926656115 0.20237243635113972 0.15974984166717282 LPV_OSARG_RGB 0.43 1.0 351.2462626090908
1369 zg 1809111300006112 5.1176158 59.2656913 68 443.4940185546875 7.509411371318629 0.09970709779115725 1.0003653778062611 0.9973726905723661 0.23257711770745146 0.8508353323223538 NonVar 0.53 1.0 0.030472572383625728
8205 zg 1809111300045780 5.1519382 59.3223417 0 nan nan nan nan nan nan nan nan nan nan nan
1370 zg 1809111300028177 5.0853579 59.3481205 0 nan nan nan nan nan nan nan nan nan nan nan
8206 zg 806103100042571 5.097035 59.3468178 1 nan nan nan nan nan nan nan nan nan nan nan
1373 zg 1809111300005625 5.1499131 59.2832659 29 19.556833267211914 2.1318343479145696 6.622843663973315e-05 0.2969878425084473 0.9973297471900333 0.7052735377829247 0.07408248424343604 RRL_c 0.53 1.0 0.296958089840597
1375 zg 1809111300005585 4.9952744 59.2822064 26 12.228911399841309 1.2020309034443977 0.022366909595504407 0.1454312533975882 0.9973015296623872 0.5673151186136814 0.23901039244430924 DSCT 0.76 1.0 0.04788662849127404
1374 zg 806103100029616 5.14896 59.3255902 127 22.138486862182617 1.8444527813560876 0.012721208012570701 0.2446136312914431 0.9999528491498271 0.16237233178419117 0.028801613959137964 DSCT 0.71 1.0 0.05898292603372632
1367 zg 1809111300042423 5.06433 59.348564 1 nan nan nan nan nan nan nan nan nan nan nan
1374 zg 1809111300028426 5.1490556 59.3255411 17 12.19912052154541 1.606252129184494 0.0004796673120969299 0.21076441577658336 0.9973015298770976 0.8569246426473554 0.32614328029263967 CEPH_F 0.25 1.0 0.9845395927813194
8207 zg 806103100048053 5.1552507 59.3185664 0 nan nan nan nan nan nan nan nan nan nan nan
1379 zg 1809111300042428 5.0876675 59.3480974 2 nan nan nan nan nan nan nan nan nan nan nan
8208 zg 806103100045027 5.0530203 59.3477501 1 nan nan nan nan nan nan nan nan nan nan nan
1371 zg 1809111300037648 5.0521097 59.2601244 0 nan nan nan nan nan nan nan nan nan nan nan
8209 zg 1809111300028486 4.9881173 59.3174772 0 nan nan nan nan nan nan nan nan nan nan nan
8210 zg 806103400044192 5.0263671 59.2654374 0 nan nan nan nan nan nan nan nan nan nan nan
1380 zg 1809111300006238 5.0461471 59.2608973 1 nan nan nan nan nan nan nan nan nan nan nan
1381 zg 806103100019884 5.15939 59.3100447 44 17.986343383789062 1.9225180629702874 0.0061441694012376305 0.49507487202526107 0.9972845476278105 0.3973310712809285 0.08797068552090821 RRL_d 0.38 1.0 0.3667292083834105
1379 zg 806103100018800 5.0875642 59.3482135 15 15.891011238098145 3.8494911353101173 0.001013656232439693 0.1895689852921855 0.9999365094451428 0.8745191105045621 0.20049226189415928 DSCT 0.49 1.0 0.1895723136942516
1382 zg 1809111300028279 5.0118996 59.3368314 67 125.54182434082031 2.73594257604412 0.017270921958779824 0.13369367093273726 0.9973726905723661 0.2813435543108808 0.02450006059279488 NonVar 0.54 1.0 0.033193750559453485
1382 zg 806103100029485 5.0118922 59.3368391 415 250.5502166748047 3.4836268033526516 0.0004988157891474577 95.07271202267022 0.9999661926656115 0.06905060123491767 0.028211935108984686 LPV_OSARG_AGB 0.42 1.0 94.2368021634146
1384 zg 806103100042746 5.1587007 59.2952969 65 15.9271879196167 1.4683570078198667 0.002057155837398974 1.0379811817592672 0.9972717231147056 0.3269158906881372 0.042788462383501626 DSCT 0.68 1.0 0.060403709993671686
1384 zg 1809111300037407 5.1587132 59.2952733 9 nan nan nan nan nan nan nan nan nan nan nan
8211 zg 1809111300047824 5.0094559 59.3356712 1 nan nan nan nan nan nan nan nan nan nan nan
8212 zg 1809111300042504 4.9967858 59.3274623 0 nan nan nan nan nan nan nan nan nan nan nan
1380 zg 806103400041967 5.0461571 59.2607909 15 21.147857666015625 5.320310373881686 0.00019010018366292803 0.10963844082515628 0.4993317499976242 0.8947422889401647 0.6482413050193223 DSCT 0.61 1.0 0.05104584369575044
1383 zg 1809111300004657 5.1573637 59.3156604 0 nan nan nan nan nan nan nan nan nan nan nan
1387 zg 1809111300042570 4.985564 59.3130153 0 nan nan nan nan nan nan nan nan nan nan nan
1381 zg 1809111300004820 5.159634 59.3099695 5 nan nan nan nan nan nan nan nan nan nan nan
1385 zg 1809111300028272 5.1262082 59.3395599 6 nan nan nan nan nan nan nan nan nan nan nan
1389 zg 1809111300004994 4.9838474 59.3010377 68 1427.9854736328125 15.051803024397678 0.38708453454831887 338.735506111498 0.9973726905723661 0.19351750876775578 0.9409585228432287 NonVar 0.47 1.0 0.9959069513513412
1385 zg 806103100035942 5.1262234 59.3395818 52 30.337846755981445 5.839928168442928 0.0001866014056544345 1.032100202295548 0.9972665929368856 0.43666457225841315 0.4209078366248828 DSCT 0.43 1.0 0.09541193690503393
1390 zg 806103100019188 5.1375649 59.3342429 414 298.7420349121094 1.6472642385529637 6.8198393757246135e-06 0.9971748126687375 0.9999469712346448 0.08612039197137927 0.8725973375231334 EB_ED 0.44 1.0 0.9942842173790618
1390 zg 1809111300004086 5.1375833 59.3342333 68 1074.515380859375 17.02049056917024 0.7407060717692255 338.735506111498 0.9973726905723661 0.16651266857885616 0.9409585228432288 NonVar 0.68 1.0 0.04234825869045775
1389 zg 806103100020079 4.9838203 59.3010522 387 483.3504333496094 1.7850997796207573 3.142769075976362e-07 96.9362945660034 0.9999469712346448 0.10474856646432351 0.04535345883396721 NonVar 0.3 0.0 97.11671093249987
1391 zg 806103400029813 5.0365421 59.2625388 177 438.8941650390625 4.46233265398487 5.994815753047375e-05 0.9971789308211232 0.9999661926656115 0.15274584710619843 0.8395917149507296 LPV_OSARG_RGB 0.3007142857142857 1.0 321.9757407249999
1391 zg 1809111300029170 5.0365776 59.2625289 68 496.1109924316406 8.929637542750315 0.6428827286707639 338.735506111498 0.9973726905723661 0.17399416926881534 0.9409585228432283 NonVar 0.5 1.0 0.03829154379785566
1393 zg 806103100019488 5.1514221 59.3239384 204 24.168054580688477 2.0270749527150116 8.582940230061062e-06 1.0350721323159133 0.9999687006190456 0.16878074162196371 0.2043755125269235 EB_ED 0.24 1.0 29.48542877906973
1393 zg 1809111300004379 5.1515095 59.3239477 23 16.57596206665039 2.915903102711246 0.00015795626573386124 0.49103063779499107 384.379947974835 0.7726528600634401 0.2948373746393084 DSCT 0.65 1.0 0.11596713371882948
1397 zg 806103400000081 5.0863026 59.259224 186 63.555789947509766 2.0874211468101733 0.024787409365457844 0.15575552620108174 0.9999661926656115 0.10405786873004187 0.005374773042968713 NonVar 0.52 1.0 0.07281498791413815
1397 zg 1809111300029212 5.0863315 59.2592085 63 30.04437255859375 1.3368050799502753 0.1331512485703836 0.8028313081252861 0.9973726905723661 0.24502616719929773 0.01933566201798142 NonVar 0.31 1.0 0.03181724587243486
1398 zg 806103100035893 5.1034343 59.3462428 54 17.950023651123047 2.182417195113851 0.0003406324889479552 0.3365230277617832 0.9972714128360396 0.42820468610725393 0.25512991639726046 NonVar 0.46 1.0 0.04095486339931021
8213 zg 1809111300053498 4.9839688 59.2984915 0 nan nan nan nan nan nan nan nan nan nan nan
1398 zg 1809111300045715 5.1033854 59.3463096 5 nan nan nan nan nan nan nan nan nan nan nan
1401 zg 1809111300005300 4.9868233 59.2912288 2 nan nan nan nan nan nan nan nan nan nan nan
1386 zg 1809111300028922 4.9923764 59.2839054 0 nan nan nan nan nan nan nan nan nan nan nan
8214 zg 806103100042719 4.9841594 59.2973268 0 nan nan nan nan nan nan nan nan nan nan nan
1396 zg 806103100045256 4.9887568 59.2881157 0 nan nan nan nan nan nan nan nan nan nan nan
1406 zg 806103100029539 5.0018859 59.3317689 0 nan nan nan nan nan nan nan nan nan nan nan
1403 zg 1809111300037617 5.122178 59.2663855 1 nan nan nan nan nan nan nan nan nan nan nan
1404 zg 806103100029366 5.0953525 59.3477154 3 nan nan nan nan nan nan nan nan nan nan nan
1409 zg 806103100048028 5.0595495 59.3488558 13 17.01622772216797 4.588880057400531 0.001218272130160523 0.10131194746811684 0.9973681276018915 0.9167032522792721 0.47526934835988777 RRL_e 0.28 1.0 0.28455385825290674
8215 zg 806103400035837 5.0821503 59.2587498 3 nan nan nan nan nan nan nan nan nan nan nan
1410 zg 806103100029428 5.0222195 59.3415349 19 9.916951179504395 0.8738581225658684 0.01805407811137224 0.25739625787424125 1.0000042647905676 0.6404841864709153 0.0007604155948825975 EB_ESD 0.38 1.0 0.16984306246920305
8216 zg 806103400041946 5.0318937 59.2633443 1 nan nan nan nan nan nan nan nan nan nan nan
1404 zg 1809111300036963 5.0956831 59.3477129 1 nan nan nan nan nan nan nan nan nan nan nan
1407 zg 1809111300037076 4.9991768 59.3300473 0 nan nan nan nan nan nan nan nan nan nan nan
1409 zg 1809111300047792 5.0595444 59.3489295 2 nan nan nan nan nan nan nan nan nan nan nan
1410 zg 1809111300028234 5.0222123 59.3416071 1 nan nan nan nan nan nan nan nan nan nan nan
1412 zg 1809111300042560 4.9859852 59.3158376 3 nan nan nan nan nan nan nan nan nan nan nan
1412 zg 806103100029708 4.9860167 59.3159361 31 30.295522689819336 6.452013672135622 0.000596981666522325 1.0350703755624968 0.9999444017644676 0.607692924240197 0.36246240007899494 DSCT 0.58 1.0 0.04364362327494108
1402 zg 806103400020663 5.0709477 59.2583172 0 nan nan nan nan nan nan nan nan nan nan nan
8217 zg 1809111300042552 4.9866032 59.317128 0 nan nan nan nan nan nan nan nan nan nan nan
1417 zg 1809111300005522 5.1551261 59.2870816 32 17.49872398376465 1.4548755198238157 0.0210301023703579 0.8203174005234907 0.9973495989455526 0.49324899218548035 0.1665396518037575 EB_ESD 0.28 1.0 0.8203537782321179
1418 zg 806103100048121 4.9889786 59.2871114 1 nan nan nan nan nan nan nan nan nan nan nan
1418 zg 1809111300042704 4.9891688 59.2868552 2 nan nan nan nan nan nan nan nan nan nan nan
1420 zg 1809111300003645 5.0489628 59.3480081 7 nan nan nan nan nan nan nan nan nan nan nan
1415 zg 1809111300037665 5.0826971 59.2585369 0 nan nan nan nan nan nan nan nan nan nan nan
1419 zg 1809111300047813 5.118359 59.3429947 0 nan nan nan nan nan nan nan nan nan nan nan
1421 zg 1809111300005899 5.009245 59.2713438 40 17.679224014282227 1.3737835305895987 0.0006376392343828861 0.16330277724005615 0.9973726905723661 0.5210754376828263 0.15925805769200374 DSCT 0.73 1.0 0.1402910703937467
