t_zg_0926.ecsv
# %ECSV 1.0
# ---
# datatype:
# - {name: SourceID, datatype: int32}
# - {name: filter, datatype: string}
# - {name: OID, datatype: string}
# - {name: RA, datatype: float64}
# - {name: DEC, datatype: float64}
# - {name: numobs, datatype: int32}
# - {name: DELTA_SIG_MAG, datatype: float64}
# - {name: CONST_CHI2, datatype: float64}
# - {name: sf, datatype: float64}
# - {name: rmse, datatype: float64}
# - {name: LNP_SIG, datatype: float64}
# - {name: period, datatype: float64}
# - {name: period_c, datatype: float64}
# - {name: power, datatype: float64}
# - {name: power_c, datatype: float64}
# - {name: mean, datatype: float64}
# - {name: std, datatype: float64}
# - {name: min, datatype: float64}
# - {name: max, datatype: float64}
# - {name: sigma_mean, datatype: float64}
# - {name: sigma_std, datatype: float64}
# - {name: gaussian1_err, datatype: float64}
# - {name: gaussian2_err, datatype: float64}
# - {name: lorentzian_err, datatype: float64}
# - {name: shape, datatype: string}
# - {name: upsilon_class, datatype: string}
# - {name: upsilon_prob, datatype: float64}
# - {name: upsilon_flag, datatype: float64}
# - {name: upsilon_period, datatype: float64}
# schema: astropy-2.0
SourceID filter OID RA DEC numobs DELTA_SIG_MAG CONST_CHI2 sf rmse LNP_SIG period period_c power power_c mean std min max sigma_mean sigma_std gaussian1_err gaussian2_err lorentzian_err shape upsilon_class upsilon_prob upsilon_flag upsilon_period
[from data line 794]
1324 zg 1809111300003709 5.0912769 59.3465333 54 22.581586837768555 1.726012902330866 0.7500631969385232 0.13993777334690094 0.01068179926471793 0.18622510104849563 2800.0 0.34998485084146114 0.04644874550292921 20.052955627441406 0.13993777334690094 19.72475814819336 20.30593490600586 -0.11757837235927582 1.3184071779251099 3.812977371016118 2.5714633789921404 2.9751971888759456 g2 DSCT 0.88 1.0 0.08791644211715864
1324 zg 806103100029377 5.0912515 59.3465366 290 42.4868278503418 1.7134210005902069 0.9635789500941325 0.1236320436000824 0.004859026411770896 0.12358746800229319 1.0000143393856216 0.0867555013988002 0.00043800100656825656 20.07539939880371 0.1236320436000824 19.52374267578125 20.392562866210938 -0.09803609549999237 1.3189030885696411 0.10749180668259593 0.018007540903743274 0.3053511553928933 g2 NonVar 0.55 1.0 0.046573964738014804
1328 zg 1809111300003716 5.093451 59.3463948 43 28.587738037109375 2.26216631662659 0.2583784626658662 0.15740622580051422 0.0024002536402988168 0.11668795650288778 2800.0 0.4604433001118322 0.06328467866214953 20.097898483276367 0.15740622580051422 19.63707160949707 20.427989959716797 -0.14695727825164795 1.5109163522720337 4.996059307897836 0.3173512735458184 2.255674558955667 g2 DSCT 0.79 1.0 0.1166869849499999
1328 zg 806103100018846 5.0934471 59.3464054 264 35.49574279785156 1.619780872725506 0.9899438915532178 0.13029909133911133 2.4018633592964176e-05 23.49956463041327 1.0000143393856216 0.1308873197832466 0.02803228728663171 20.176727294921875 0.13029909133911133 19.679189682006836 20.539058685302734 -0.09943699836730957 1.2829173803329468 0.34557976616080627 0.018311279072195222 0.06249723948112958 g2 EB_ED 0.31 1.0 23.50199481761658
1330 zg 806103100019235 5.0052478 59.3315991 300 42.90448760986328 1.911568764333393 0.7003047298842272 0.1284489780664444 0.003815116751148404 0.10265801846026994 1.0000143393856216 0.08549277584984885 0.002841096870862427 20.026569366455078 0.1284489780664444 19.52733612060547 20.45465660095215 -0.10863861441612244 1.3941891193389893 0.20083552047906922 0.10308263263346912 0.38456155854100377 g2 NonVar 0.74 1.0 0.1749280755804088
1330 zg 1809111300004099 5.0052459 59.3316008 55 21.655357360839844 1.2259457649555046 0.9888444241106102 0.11778274923563004 0.12508570202781802 59.96778542745733 2800.0 0.27546317422127164 0.08550598139336237 20.002723693847656 0.11778274923563004 19.745075225830078 20.30860710144043 -0.08495641499757767 1.1071295738220215 2.9589650772474996 1.7337551926753314 3.715755784043519 g2 DSCT 0.73 1.0 0.048382478059422286
1335 zg 806103100019421 4.9962169 59.3248942 122 23.33588218688965 2.128672805016796 0.2958390709197077 0.22977294027805328 0.007457256793256086 0.5086346490409124 0.9973430227495041 0.17808543750558875 0.1065190945638021 21.090604782104492 0.22977294027805328 20.342750549316406 21.605527877807617 -0.12245079129934311 1.4699159860610962 0.13202458056865465 0.11949843992091924 0.2268979736829021 g2 RRL_d 0.53 1.0 0.3723606554413237
1335 zg 1809111300004287 4.9962725 59.324984 13 17.351091384887695 3.5249913141714644 0.04822734504529967 0.3099677860736847 0.043709312270962614 0.17018256098334866 0.9971952740604495 0.8107686881256146 0.43848997928899913 21.040416717529297 0.3099677860736847 20.374103546142578 21.60773277282715 -0.21841780841350555 1.8483670949935913 4.853255396464145 6.118073505393962 4.817001050309482 l DSCT 0.75 1.0 0.09932838596313935
1337 zg 1809111300005721 5.1444167 59.2798611 17 15.510887145996094 3.0287031461660328 0.08460781727679421 0.2942999303340912 0.003396210398778696 0.14530510684297335 2800.0 0.8035045728753338 0.3458348858110917 21.09139060974121 0.2942999303340912 20.464160919189453 21.594242095947266 -0.1879512518644333 1.723689079284668 1.8921518868674772 2.8442258922848875 1.6842859098803187 l DSCT 0.55 1.0 0.03273205169260298
1336 zg 806103100042601 5.014252 59.3366241 50 18.83218765258789 1.6843649982684346 0.7811914587637214 0.21937786042690277 0.0006727871655915591 1.0350864471181311 0.9972359904544481 0.4255578244454501 0.4413400934088524 21.37858772277832 0.21937786042690277 20.599395751953125 21.79078483581543 -0.09288517385721207 1.2965832948684692 1.1174975962098588 0.9546797803776726 1.2308472098548293 g2 DSCT 0.53 1.0 0.05171651832937777
1346 zg 1809111300006047 5.1241965 59.2685571 66 133.6333465576172 1.1528258695462845 0.9975697212582791 0.024700403213500977 0.050210463590589054 0.2709295416049481 2800.0 0.26112644636136323 0.06436046852625758 17.355600357055664 0.024700403213500977 17.25543975830078 17.398794174194336 -0.010191788896918297 1.065680742263794 97.13168353797478 230.48827764459787 94.74175905439924 l NonVar 0.61 1.0 0.2707357257540576
1338 zg 806103100040215 4.9859598 59.3093474 47 21.499147415161133 2.9014709924117064 0.023329541345297942 0.2896910309791565 0.011897426023992084 0.16087281894864833 0.9972988098176622 0.3796022870351279 0.053769052304835654 21.52235221862793 0.2896910309791565 20.52527618408203 21.947765350341797 -0.15384182333946228 1.710457682609558 0.6910524397368362 8.065004202039141 0.7495932459399639 g1 DSCT 0.46 1.0 0.044064654773881044
1347 zg 806103100019553 4.9910048 59.3197534 32 15.974594116210938 2.1886610157058795 0.3267543348906804 0.28106099367141724 0.007071537148482353 0.2519813074044738 0.9973386638834965 0.511423289680958 0.15227376809259757 21.604082107543945 0.28106099367141724 20.911531448364258 22.181276321411133 -0.12624786794185638 1.473902940750122 0.40293603596731037 0.3991219812364654 0.4662442605474635 g2 DSCT 0.57 1.0 0.03136489220983678
3098 zg 806103100042795 4.9910374 59.2879814 10 8.528698921203613 0.9657804223265266 0.9023104105245835 0.19732405245304108 0.0012568751657703499 0.10702295585308713 0.11231342187532563 0.9547234611187749 0.9063535794119989 21.646623611450195 0.19732405245304108 21.364025115966797 22.10357093811035 -0.05612896755337715 0.9417625069618225 9.124773103880186 4.861166764483125 8.516288910848647 g2 EB_ESD 0.35 1.0 0.05654533633331638
1349 zg 1809111300037651 5.0632188 59.2597615 17 21.60523796081543 5.131459498767038 0.0005456107546542726 0.3390960395336151 0.014736508364254613 0.7965067481893333 2800.0 0.7577747825834834 0.5587683632522064 21.15488052368164 0.3390960395336151 20.17177963256836 21.631946563720703 -0.2834012806415558 2.274141311645508 2.5764759640895645 3.1727537372682484 2.6238717960354236 g1 DSCT 0.49 1.0 0.03569758148249985
1349 zg 806103400020648 5.0629972 59.2597482 43 16.775592803955078 1.7895449296491224 0.6701169168658475 0.22944316267967224 0.010500988419306655 2.2030017498936445 0.997356673287745 0.4039471954999654 0.003444776627640177 21.316795349121094 0.22944316267967224 20.67675018310547 21.77926254272461 -0.10262605547904968 1.33567214012146 1.7102253741245521 0.8665348705729171 1.5012909378650874 g2 DSCT 0.69 1.0 0.05658408343847189
1355 zg 806103100029971 4.9867871 59.2951427 98 18.280603408813477 1.4278986544617842 0.9867577426348576 0.2019812911748886 0.02277736378701659 0.13361588922564005 0.9999158381526837 0.19171354044328764 0.03366773192660135 21.26848602294922 0.2019812911748886 20.618738174438477 21.77275276184082 -0.08223859965801239 1.1982111930847168 0.8771980575699481 0.1996713550892163 0.9724699562904291 g2 NonVar 0.44 1.0 0.041652741669477286
1355 zg 1809111300028764 4.9867267 59.2951768 15 13.67979907989502 2.638713147483427 0.1861634441213932 0.27018824219703674 0.000676551435018242 0.21298481337567918 2800.0 0.8898944462782277 0.367938984495351 21.08797836303711 0.27018824219703674 20.49091911315918 21.423330307006836 -0.16030949354171753 1.597325325012207 1.5404592562987411 0.9919210900570273 1.4592869006658804 g2 CEPH_F 0.48 1.0 2.120691360690779
1352 zg 806103100019375 4.997295 59.3267353 12 5.757436275482178 0.6434857552796106 0.9858173035712665 0.15835247933864594 0.00026746393259790294 0.13549621865941774 0.9971354493162666 0.9384552589015572 0.3546732868452092 21.671871185302734 0.15835247933864594 21.46455192565918 21.953266143798828 -0.03678150475025177 0.7732938528060913 99999.0 9.17147408597819 99999.0 g2 DSCT 0.28 1.0 0.13549681743199968
1364 zg 806103400000045 5.0950071 59.2608608 196 173.06787109375 1.222364856596094 0.9999968501620224 0.018573623150587082 1.6802906324756934e-11 333.4203659481394 1.000014139092549 0.28334418094359015 0.0600530618949389 15.553703308105469 0.018573623150587082 15.497406005859375 15.59556770324707 -0.0023546740412712097 1.1028598546981812 32.295858895740906 32.29585583349348 46.57175464607824 g2 LPV_OSARG_RGB 0.84 0.0 324.4204513928578
1364 zg 1809111300006258 5.0950262 59.2608459 66 140.54727172851562 0.7402621435022627 0.9999992142554175 0.012485625222325325 0.024464946104802942 0.24758998354177555 2800.0 0.27912873943193267 0.16284426840725147 15.534525871276855 0.012485625222325325 15.512558937072754 15.57267951965332 -0.0017307960661128163 0.8538469076156616 106.10844282336795 106.10845486990834 133.85162367838439 g1 EB_ESD 0.37 1.0 0.1984474452380932
1362 zg 806103100019137 5.0087377 59.3346665 54 18.991552352905273 1.892167992821436 0.5873981595521127 0.24658288061618805 0.0023370458314510593 0.10260949581673198 0.9998827734352842 0.3811007546946177 0.07186670691437766 21.401628494262695 0.24658288061618805 20.68687629699707 22.046127319335938 -0.10989351570606232 1.3769254684448242 1.5533922195982568 1.521224205111919 1.2809529125328327 l DSCT 0.72 1.0 0.10260930607127133
1366 zg 806103100019502 4.9918009 59.3216542 346 160.6792449951172 2.313317198476038 0.022858737611231555 0.05154914781451225 0.004507837664183338 0.49864507358720267 1.0000143393856216 0.07417577745738262 0.2889548811678593 18.2939395904541 0.05154914781451225 18.038352966308594 18.414531707763672 -0.03779935836791992 1.5202581882476807 1.1295395177847305 64.17941413345258 1.1395966675953213 g1 NonVar 0.61 1.0 0.30381011385130613
1366 zg 1809111300004370 4.9917884 59.3216476 63 144.01710510253906 3.7703492614031644 3.1342225671614316e-05 0.06747613102197647 0.004176463814216025 0.11347665332175073 2800.0 0.33337419061675994 0.12604216438406113 18.294795989990234 0.06747613102197647 18.040422439575195 18.403772354125977 -0.06967845559120178 1.9302488565444946 8.881925034337902 1.456964018831763 6.969308544269413 g2 RRL_ab 0.36 1.0 0.33846873908629094
1367 zg 806103100018788 5.0643326 59.3483779 16 13.93442153930664 2.7195749495639867 0.1572330999400082 0.29615727066993713 0.00047547238024454576 0.13157012464674145 0.9998441321239243 0.8719237383389182 0.05141500219150289 21.640357971191406 0.29615727066993713 20.998554229736328 22.096193313598633 -0.1445065140724182 1.6185542345046997 4.5386299133832715 8.43794683928374 3.9303954485457178 l DSCT 0.6 1.0 0.12553589073626775
1369 zg 806103400000001 5.1175851 59.2656984 166 97.71562957763672 0.977522347579625 0.999999997432344 0.025593718513846397 2.2601492111979492e-07 333.4203659481394 0.997378952780997 0.24194111529783113 0.07207482752784526 17.562992095947266 0.025593718513846397 17.484975814819336 17.616710662841797 -0.009069151245057583 0.9859099388122559 28.496086966463107 229.06801636181893 22.671796361968582 l LPV_OSARG_RGB 0.68 1.0 324.4204513928578
1369 zg 1809111300006112 5.1176158 59.2656913 66 144.3430938720703 1.3317546946547498 0.9826096074593995 0.028694292530417442 0.22683957976391436 0.10975686557839227 2800.0 0.21961700890368807 0.0439867692227919 17.544031143188477 0.028694292530417442 17.431541442871094 17.613231658935547 -0.013878176920115948 1.1454954147338867 28.30068181601289 9.748499475996844 18.699485474471714 g2 NonVar 0.7 1.0 0.0988524654853502
1373 zg 1809111300005625 5.1499131 59.2832659 28 19.286802291870117 2.104778993406992 0.38984607291866835 0.21612507104873657 0.00014151887459969096 0.2969897143123399 2800.0 0.7004786722704085 0.05965807478798712 20.6988582611084 0.21612507104873657 20.145658493041992 21.167442321777344 -0.14196839928627014 1.448184609413147 1.3297634110108922 0.9395558731971754 1.2226517336243363 g2 RRL_c 0.56 1.0 0.296958089840597
1375 zg 1809111300005585 4.9952744 59.2822064 25 12.05473804473877 1.157907209477348 0.9489888906849392 0.17273539304733276 0.033363523024883664 0.1454315840698382 2800.0 0.5658726610163952 0.21468081249985696 20.78518295288086 0.17273539304733276 20.425769805908203 21.121915817260742 -0.07792898267507553 1.0633398294448853 3.3403083013724015 2.3460953798450435 2.9966203561764004 g2 DSCT 0.77 1.0 0.04988004461455726
1374 zg 806103100029616 5.14896 59.3255902 114 22.71045684814453 1.7775444693814668 0.7985618633347275 0.21603502333164215 0.0030670984463321014 1.0350184442479506 1.0000110121384305 0.20154534567034388 0.29837145663790055 21.154504776000977 0.21603502333164215 20.395288467407227 21.69569206237793 -0.10236751288175583 1.3403294086456299 0.7183955314479566 0.546985474137922 0.9937046411116593 g2 DSCT 0.77 1.0 0.10356867682388646
1374 zg 1809111300028426 5.1490556 59.3255411 16 12.015121459960938 1.6378615157190866 0.6574206197499981 0.21687990427017212 0.0014941756342220596 0.210765110284636 2800.0 0.851050892490697 0.313880464960317 21.020296096801758 0.21687990427017212 20.52680206298828 21.316984176635742 -0.10357622802257538 1.253192663192749 2.4202861035740293 1.4806084767516643 2.2900369382714314 g2 DSCT 0.72 1.0 0.07980005992084005
1381 zg 806103100019884 5.15939 59.3100447 44 14.25185489654541 1.2959891227274467 0.964220232860652 0.21170362830162048 0.007393108574015922 0.46318380001455867 0.9973045649331247 0.41803158687704683 0.003707417724533445 21.517793655395508 0.21170362830162048 20.924577713012695 21.981645584106445 -0.0752103328704834 1.133253812789917 0.48941375185237934 0.1862403087429861 0.3326094379531729 g2 DSCT 0.51 1.0 0.033595965907388524
1379 zg 806103100018800 5.0875642 59.3482135 13 16.25562286376953 4.530818136152672 0.007267104563106904 0.32818087935447693 0.0006165089050215583 0.1894766958760743 1.0000654967231302 0.9266923879179723 0.3740931102740013 21.48442840576172 0.32818087935447693 20.708328247070312 21.750473022460938 -0.2175900787115097 2.0885982513427734 2.3156660049414253 99999.0 2.3376619311760938 g1 DSCT 0.54 1.0 0.03087426766089298
1382 zg 1809111300028279 5.0118996 59.3368314 65 128.63851928710938 2.5936699460033505 0.055405597793789556 0.06897541880607605 0.009577976798702155 0.13369410052928465 2800.0 0.30562568561984155 0.020378321852591662 18.725637435913086 0.06897541880607605 18.364988327026367 18.905750274658203 -0.06366991996765137 1.602291464805603 0.372217813960463 0.09418479808782104 2.2513608427601493 g2 NonVar 0.61 1.0 0.11785583482871691
1382 zg 806103100029485 5.0118922 59.3368391 355 128.2562713623047 1.521627660718888 0.9997469867496843 0.05431971698999405 0.06526649807730835 0.15469316045707532 1.0000143393856216 0.05770754247583692 0.0018295568840704446 18.761167526245117 0.05431971698999405 18.433860778808594 18.928462982177734 -0.03764137998223305 1.233589768409729 0.3337334633079385 0.07684821914027429 1.7380469135792167 g2 NonVar 0.6 1.0 0.03070970602835439
1384 zg 806103100042746 5.1587007 59.2952969 59 16.26399803161621 1.5339550417057088 0.9061207746696482 0.22043032944202423 0.003931169795302206 0.17547034852461835 0.9973038024878157 0.34556669918723 0.0045412603228672695 21.417644500732422 0.22043032944202423 20.762577056884766 21.872194290161133 -0.08828548341989517 1.2382756471633911 0.15682569936555837 0.0951505495724025 0.12208989455445857 g2 DSCT 0.68 1.0 0.05101030239607388
