t_zg_0621.ecsv
# %ECSV 1.0
# ---
# datatype:
# - {name: SourceID, datatype: int32}
# - {name: filter, datatype: string}
# - {name: OID, datatype: string}
# - {name: RA, datatype: float64}
# - {name: DEC, datatype: float64}
# - {name: numobs, datatype: int32}
# - {name: DELTA_SIG_MAG, datatype: float64}
# - {name: CONST_CHI2, datatype: float64}
# - {name: sf, datatype: float64}
# - {name: LNP_SIG, datatype: float64}
# - {name: period, datatype: float64}
# - {name: period_c, datatype: float64}
# - {name: power, datatype: float64}
# - {name: power_c, datatype: float64}
# - {name: upsilon_class, datatype: string}
# - {name: upsilon_prob, datatype: float64}
# - {name: upsilon_flag, datatype: float64}
# - {name: upsilon_period, datatype: float64}
# schema: astropy-2.0
SourceID filter OID RA DEC numobs DELTA_SIG_MAG CONST_CHI2 sf LNP_SIG period period_c power power_c upsilon_class upsilon_prob upsilon_flag upsilon_period
[from data line 1930]
1571 zg 1809111300028314 4.9952032 59.3332969 0 nan nan nan nan nan nan nan nan nan nan nan nan
1567 zg 1809111300028875 5.1639379 59.2895801 8 nan nan nan nan nan nan nan nan nan nan nan nan
1576 zg 806103100045042 5.0098186 59.3412525 248 60.224910736083984 2.2556335859095538 2.3806862017428903e-30 0.0022607789168866267 0.12579042812516944 0.9999858804686014 0.09233152944657833 0.00320659720941183 NonVar 0.48 1.0 0.11300141770124503
1576 zg 1809111300045724 5.0097929 59.3412543 45 21.99411392211914 1.1850316791696225 0.18457736884184592 0.006936127438070333 0.1282779673525073 2800.0 0.4090183660385715 0.0473231792193123 DSCT 0.54 1.0 0.03844394529280946
3137 zg 806103400044210 5.1202968 59.2613945 0 nan nan nan nan nan nan nan nan nan nan nan nan
3138 zg 806103100048075 5.16827 59.3052758 0 nan nan nan nan nan nan nan nan nan nan nan nan
1580 zg 1809111300028157 5.1023604 59.3505419 18 8.13648796081543 0.5809312813796861 0.9159731710246274 0.003476177076512339 0.12852714336322568 2800.0 0.7573716433620384 0.5411961465041434 DSCT 0.63 1.0 0.19783203628190285
1580 zg 806103100018741 5.1022961 59.350559 160 26.142093658447266 2.127923698799619 5.577776130878815e-17 5.016631552919461e-06 29.313086954929183 0.9973416975677689 0.19823291400907034 0.21004283887173977 CEPH_Other 0.53 1.0 1.0324702259771974
1584 zg 806103100020128 5.1683057 59.3013506 326 478.7367858886719 2.4353316249350208 3.0368921771379764e-53 0.0006573930296432107 336.88526421221945 0.999978193396444 0.07070857348721152 0.2274267174544767 NonVar 0.33 1.0 0.49717357187161915
1584 zg 1809111300005086 5.1683225 59.3013335 66 1163.17138671875 21.213768937421623 2.6720269455698232e-260 0.07217344365759819 341.51591945928 2800.0 0.24072774045071774 0.9479556784117249 NonVar 0.52 1.0 0.04234825869045775
1585 zg 1809111300042481 4.9939763 59.3327646 0 nan nan nan nan nan nan nan nan nan nan nan nan
1582 zg 806103100045108 4.9806842 59.319656 0 nan nan nan nan nan nan nan nan nan nan nan nan
1586 zg 806103100019958 5.1683045 59.3074209 53 12.483635902404785 1.4483578315517582 0.014411731454227096 0.007496415801155609 0.2025769205833743 0.9972917233862935 0.33420823151015466 0.15062542707512516 DSCT 0.67 1.0 0.046609658977312465
1586 zg 1809111300004894 5.1684813 59.3073166 8 nan nan nan nan nan nan nan nan nan nan nan nan
3139 zg 806103400041972 5.0303917 59.2592921 1 nan nan nan nan nan nan nan nan nan nan nan nan
1585 zg 806103100047122 4.9932672 59.332634 2 nan nan nan nan nan nan nan nan nan nan nan nan
1592 zg 1809111300005734 4.9908232 59.2768752 66 131.2656707763672 1.2713141865743447 0.06500578313295886 0.16960943866412298 0.13002192920756275 2800.0 0.22032625702304773 0.05190451885640329 EB_ED 0.6 1.0 0.03695065770154336
1595 zg 806103400048209 5.0513405 59.255484 0 nan nan nan nan nan nan nan nan nan nan nan nan
1596 zg 806103100045011 5.0844172 59.35308 6 nan nan nan nan nan nan nan nan nan nan nan nan
1598 zg 1809111300052415 4.9909181 59.3311851 2 nan nan nan nan nan nan nan nan nan nan nan nan
1590 zg 806103100049158 5.1653111 59.289945 2 nan nan nan nan nan nan nan nan nan nan nan nan
1599 zg 1809111300028654 4.9749164 59.3025843 6 nan nan nan nan nan nan nan nan nan nan nan nan
1599 zg 806103100020034 4.9749169 59.3025558 95 21.21930503845215 1.8466718027659876 1.6267753037568025e-07 0.008232000490137602 0.5085873674698695 0.9972917233862935 0.19773499176156067 0.20249303516340333 DSCT 0.86 1.0 0.06545266361670316
1601 zg 806103400041990 5.0796634 59.254356 64 29.473024368286133 3.3707181358510048 7.877760796366611e-19 0.000281032240940687 1.0321849180604512 0.499304056875736 0.37585967194507724 0.25820554508564 NonVar 0.47 1.0 0.030202685201251873
1602 zg 806103400000186 5.087094 59.2547855 57 22.775339126586914 2.0386106465705023 4.389079992304071e-06 0.01845280711843348 0.23355684512814304 0.4993144132341398 0.3093698263970727 0.02253177565249627 NonVar 0.46 1.0 0.0325488641025642
1593 zg 1809111300006185 5.0208103 59.2616466 0 nan nan nan nan nan nan nan nan nan nan nan nan
1603 zg 1809111300006266 5.028284 59.2594826 62 45.62038040161133 0.9228905281285509 0.6497340735236854 0.21964461718642564 0.12795456237113378 2800.0 0.22646829422625853 0.002946694506553618 DSCT 0.61 1.0 0.041238261628625705
1603 zg 806103400000056 5.028237 59.2594943 198 113.77700805664062 4.222390927416504 2.8118743673488624e-91 0.10050825111485673 0.8620982461200141 0.9999897311965724 0.0839693858844338 0.001220193957790197 NonVar 0.82 1.0 0.04942204095216366
1596 zg 1809111300047783 5.0843377 59.3532252 1 nan nan nan nan nan nan nan nan nan nan nan nan
1601 zg 1809111300045982 5.0796948 59.2543089 16 8.398175239562988 1.0308253287541396 0.4186520288203488 0.0003499885580654095 0.21259949737717143 2800.0 0.8790792369436615 0.07332772411630246 DSCT 0.74 1.0 0.052565899431482155
1602 zg 1809111300029256 5.0871778 59.2546992 10 14.075905799865723 3.2283165542512315 0.0006343795754489818 nan 0.10644494748287081 0.1173249623421985 1.4071772326558445 0.9835268089267278 NonVar 0.48 1.0 0.054048278645091125
1606 zg 806103400000150 5.0446704 59.2560784 182 30.248445510864258 1.48088303682418 1.2637231723909712e-05 0.05087007957124393 0.12670094311706476 0.9999897311965724 0.1017701665952166 0.010994280440651689 NonVar 0.81 1.0 0.037947854515441894
1607 zg 806103100040149 4.9837515 59.3251259 44 22.91493797302246 3.2581104878030795 7.795689352620992e-15 0.0006672597414683157 0.25196510460774796 0.9972301423714955 0.41197014702359325 0.06360813763790545 DSCT 0.56 1.0 0.043718855553198974
1606 zg 1809111300006368 5.0446832 59.2560642 51 24.648948669433594 1.4359068063708402 0.021360513589652026 0.03607934167401208 0.13558925618935702 2800.0 0.3218052973003872 0.038403675295956126 DSCT 0.61 1.0 0.05741057070110696
1605 zg 1809111300004680 5.1672424 59.3150822 2 nan nan nan nan nan nan nan nan nan nan nan nan
1604 zg 1809111300053168 5.1352895 59.2658794 0 nan nan nan nan nan nan nan nan nan nan nan nan
1607 zg 1809111300004277 4.9836718 59.3251426 7 nan nan nan nan nan nan nan nan nan nan nan nan
1605 zg 806103100019745 5.1673036 59.3151542 48 16.827314376831055 2.1340376788698068 2.045394732290119e-06 0.02050914510345306 0.3456806771650951 0.9972049333871653 0.3175293553723037 0.016861384195072833 DSCT 0.67 1.0 0.041884769840122966
1610 zg 806103100029944 4.9753314 59.2968324 111 21.263364791870117 1.3934941437931365 0.0022597216618955216 0.022984845350105917 1.3453030697083943 0.9973134321781223 0.15961838449395044 0.0015941215268838022 NonVar 0.46 1.0 0.03726146578841331
1609 zg 1809111300005818 4.9938529 59.2739993 59 26.841312408447266 1.1869106067232116 0.15241216074698452 0.004447318595887921 0.11386421334659952 2800.0 0.33980248939877955 0.0570229176615868 DSCT 0.6 1.0 0.1204201215686262
1611 zg 1809111300029085 4.9995245 59.2704381 1 nan nan nan nan nan nan nan nan nan nan nan nan
1610 zg 1809111300005113 4.9752943 59.2967582 17 15.739673614501953 2.168760779281481 0.0035054685061396227 0.04087915255855558 0.10150752745509135 2800.0 0.6789401905990767 0.18443916260948406 DSCT 0.53 1.0 0.04129585065383225
3140 zg 1809111300005851 5.1527287 59.2756186 0 nan nan nan nan nan nan nan nan nan nan nan nan
1613 zg 806103100019660 4.97716 59.3161997 4 nan nan nan nan nan nan nan nan nan nan nan nan
3141 zg 1809111300028671 4.9742134 59.3009521 0 nan nan nan nan nan nan nan nan nan nan nan nan
1617 zg 806103100029586 5.157409 59.3285656 30 20.474401473999023 3.4341781420158997 5.255850593708797e-11 0.005872243247538523 0.608648706783871 0.9973663657308367 0.4989950091384446 0.024555172638452513 DSCT 0.67 1.0 0.05049114588953542
1619 zg 806103100029296 5.0708129 59.3539852 82 27.14358901977539 2.564638593330821 9.658551029852709e-15 0.0034771801713414678 0.2852262144621401 0.9973036233059325 0.2415100771713129 4.8135496860203316e-05 RRL_c 0.44 1.0 0.28522902394754907
1613 zg 1809111300004548 4.976844 59.3160296 2 nan nan nan nan nan nan nan nan nan nan nan nan
1622 zg 806103100036207 4.9739202 59.3041301 1 nan nan nan nan nan nan nan nan nan nan nan nan
1619 zg 1809111300003465 5.0708046 59.3540282 10 6.910155296325684 0.9836447698226429 0.4509713727004524 nan 0.10792426003763135 0.10415544314787448 1.1728668050383093 0.9200551106542143 NonVar 0.34 1.0 0.06487458406648575
1623 zg 1809111300047962 4.9780272 59.2894454 2 nan nan nan nan nan nan nan nan nan nan nan nan
1624 zg 806103100018680 5.0947411 59.3526965 341 84.4253921508789 2.1305623251833836 1.808689441678367e-36 0.016121296851955142 0.22643546051681512 0.9999897311965724 0.057246751538835725 0.007854153475833308 NonVar 0.61 1.0 0.060051476042320376
1624 zg 1809111300003516 5.0947535 59.3526962 60 27.79839515686035 0.9175332399974121 0.6582779522375415 0.06791409614399915 0.11095708803571887 2800.0 0.26707782112617245 0.11092712765356615 DSCT 0.5 1.0 0.052026646860369535
1617 zg 1809111300037114 5.157476 59.3287383 2 nan nan nan nan nan nan nan nan nan nan nan nan
1627 zg 806103400029845 5.121104 59.260408 201 506.33233642578125 7.374624155393069 2.9791030160116278e-227 2.357401478690857e-06 335.38255043419394 0.9999897311965724 0.16491929907966357 0.09505392723777328 LPV_OSARG_RGB 0.32 1.0 316.5405689076926
1627 zg 1809111300006285 5.1211107 59.2603944 65 475.31005859375 7.898442918141711 4.437808262833864e-74 0.03210564237562329 341.51591945928 2800.0 0.2637410062485989 0.947223549122159 NonVar 0.6 1.0 0.04234825869045775
1623 zg 806103100042785 4.9778978 59.2893964 8 nan nan nan nan nan nan nan nan nan nan nan nan
1629 zg 806103100029894 5.1704979 59.3032259 41 18.863157272338867 2.8202172566608423 1.469525267663914e-09 0.002560612623184845 0.35372200242398044 0.9973020561907494 0.44150246863505854 0.07371036052303412 DSCT 0.49 1.0 0.07946362956683453
1630 zg 1809111300004143 4.9876856 59.3298193 66 1436.9759521484375 15.8538421817609 3.2015770919965256e-184 0.5403392681833477 341.51591945928 2800.0 0.18133445020067068 0.9479556784117251 NonVar 0.71 1.0 0.04234825869045775
1629 zg 1809111300037336 5.17056 59.3031977 4 nan nan nan nan nan nan nan nan nan nan nan nan
1630 zg 806103100019272 4.9876771 59.3298293 351 719.8441772460938 4.253715581688668 3.022376079783117e-181 5.087997691145222e-09 96.46135723063314 0.999978193396444 0.11547065289876007 0.03218875358338675 LPV_OSARG_AGB 0.26 0.0 96.18574289302325
3142 zg 1809111300053340 5.0181541 59.2618178 0 nan nan nan nan nan nan nan nan nan nan nan nan
1631 zg 1809111300004677 4.9748249 59.3119299 66 131.20010375976562 1.6515118055846227 0.0005843025779922625 0.009206811921524826 0.10022153418204113 2800.0 0.2923550307346985 0.024552981345727906 NonVar 0.36 1.0 0.03289585992576201
1631 zg 806103100019778 4.9748049 59.3119461 341 250.8941650390625 2.2731748103739005 2.1537548012716914e-45 9.715025100395414e-05 0.49837910304331356 0.999978193396444 0.07782804681219027 0.004060871837330637 NonVar 0.36 1.0 0.4983717248343173
1634 zg 1809111300003474 5.0530875 59.3532506 44 18.57686996459961 1.693749027258694 0.002502459735188533 0.00019011311522077663 0.1311336154973249 2800.0 0.5052405949609136 0.008724589824771332 DSCT 0.87 1.0 0.13109300069431384
1634 zg 806103100018651 5.0530447 59.3532584 258 37.24869155883789 1.9771454087586091 3.5798328449862103e-22 4.769976328737971e-05 29.37843650070561 0.9999897311965724 0.11045917990489092 0.033458275830906284 DSCT 0.55 1.0 0.12209314608948504
1636 zg 1809111300004727 4.974199 59.3100561 43 18.104698181152344 1.5110546092731414 0.016805789241791724 0.012483226095518217 0.13397013618176684 2800.0 0.40392512770840816 0.005041220288805675 DSCT 0.61 1.0 0.03399731884809132
1636 zg 806103100019829 4.9741628 59.3100598 256 45.166664123535156 2.1784724215896403 8.941436750690275e-29 1.105168196519407e-05 1.0350672488384158 1.0000030012839005 0.12120033417049199 0.04625543760181219 EB_ED 0.44 1.0 1.0350327105793464
1637 zg 806103400000199 5.0589132 59.2539665 168 35.27111053466797 2.112612153827742 1.1850227750487083e-16 2.341738238646991e-05 0.9645832115942156 1.0000085696059833 0.1847080025719248 0.0301071656734042 EB_ESD 0.34 1.0 0.9644266830250842
3143 zg 806103400041947 5.1329991 59.2642586 1 nan nan nan nan nan nan nan nan nan nan nan nan
1637 zg 1809111300006448 5.0589758 59.2539387 45 15.999846458435059 1.3370894026748774 0.06278310637698024 0.06779878936768592 0.11538913302507697 2800.0 0.3308420420526982 0.018433119268051894 DSCT 0.83 1.0 0.11542248669144956
1638 zg 1809111300051722 5.0447937 59.3523344 53 70.21878814697266 1.3829564794330798 0.03150580676270879 0.020342878559153465 0.11491265406169762 2800.0 0.3233060718360723 0.025170507950491267 DSCT 0.87 1.0 0.05031965981241189
1639 zg 1809111300028246 5.0044229 59.3406298 56 23.527023315429688 1.4238264846320918 0.01946852127334116 0.950390236201273 0.21051549290666097 2800.0 0.1657764884382903 0.08221769786205002 NonVar 0.73 1.0 0.04493145358105503
1639 zg 806103100029434 5.0044209 59.3406302 310 53.24394226074219 1.6814479494868204 1.7130993135988877e-15 0.03427421401664442 0.5031811925046643 0.999978193396444 0.05841489221273608 0.014804952641046872 EB_ED 0.48 1.0 12.844679951552795
1638 zg 806103100045014 5.0447693 59.3523474 276 171.0716094970703 1.853334279791979 4.676594572410242e-19 0.004649018955564697 321.1883635907144 0.999978193396444 0.07864500116819202 0.08428694885363436 LPV_SRV_AGB_O 0.22 1.0 318.15284187692305
3144 zg 1809111300006428 5.0974541 59.2551602 0 nan nan nan nan nan nan nan nan nan nan nan nan
1622 zg 1809111300037291 4.9732949 59.3041969 0 nan nan nan nan nan nan nan nan nan nan nan nan
1641 zg 1809111300005479 4.9800398 59.28556 10 9.136983871459961 1.6667779278910442 0.09090847485579541 0.9812453669533316 0.12496691531223357 0.10130401322095073 0.5371830321235156 0.9694675299562935 DSCT 0.47 1.0 0.03291314166948135
1642 zg 806103400000039 5.125632 59.2614822 193 573.3114624023438 5.984628529677018 1.144657723503661e-159 1.3900278802366033e-17 335.38255043419394 0.9999897311965724 0.34492140725322806 0.09233122923971768 LPV_OSARG_RGB 0.45 0.0 342.91894965000034
1642 zg 1809111300006256 5.1256153 59.2614736 66 2006.3045654296875 35.26667264232116 0.0 0.2702000287674352 341.51591945928 2800.0 0.20493791227511782 0.9479556784117253 NonVar 0.59 1.0 0.04234825869045775
1643 zg 1809111300005677 5.1608303 59.2816475 66 430.5009765625 11.029470984189825 3.3363528147858704e-117 0.7558138620225189 341.51591945928 2800.0 0.1655391075287408 0.9479556784117248 NonVar 0.53 1.0 0.06628065765407487
3145 zg 806103100040028 5.048466 59.3529286 0 nan nan nan nan nan nan nan nan nan nan nan nan
1640 zg 806103100019475 4.9801934 59.3226583 9 7.2801127433776855 0.9270737744030382 0.518247432508121 0.012846429730980918 0.20411331006023625 0.9973685137494874 0.8581114387887782 0.11015817008669025 EB_EC 0.33 1.0 0.03383080060308311
1640 zg 1809111300004340 4.98013 59.3226327 0 nan nan nan nan nan nan nan nan nan nan nan nan
3146 zg 806103100047141 5.1613502 59.3257854 1 nan nan nan nan nan nan nan nan nan nan nan nan
1646 zg 806103100018729 5.107647 59.3510898 204 29.06850814819336 2.0262182445557015 8.59084157710977e-19 6.310946597305183e-05 0.9646849688071661 0.9999897311965724 0.13773616444357784 0.06812751276792178 DSCT 0.56 1.0 0.08202984941293738
1648 zg 806103400041996 5.0805134 59.2534757 232 42.58214569091797 1.9077016435067518 1.390964147086445e-16 0.02630352343777996 0.5279554825775733 0.9999897311965724 0.08666595134863242 0.0021869139552003116 DSCT 0.51 1.0 0.05792631365587922
1647 zg 806103100019030 4.9985266 59.3378292 329 51.14257049560547 1.5683628855431233 2.00741308836186e-12 0.04331618488538168 0.11872599167395903 0.9999897311965724 0.05437556970618006 0.005234407293616044 NonVar 0.62 1.0 0.03404816683738905
