t_zg_0926.ecsv
# %ECSV 1.0
# ---
# datatype:
# - {name: SourceID, datatype: int32}
# - {name: filter, datatype: string}
# - {name: OID, datatype: string}
# - {name: RA, datatype: float64}
# - {name: DEC, datatype: float64}
# - {name: numobs, datatype: int32}
# - {name: DELTA_SIG_MAG, datatype: float64}
# - {name: CONST_CHI2, datatype: float64}
# - {name: sf, datatype: float64}
# - {name: rmse, datatype: float64}
# - {name: LNP_SIG, datatype: float64}
# - {name: period, datatype: float64}
# - {name: period_c, datatype: float64}
# - {name: power, datatype: float64}
# - {name: power_c, datatype: float64}
# - {name: mean, datatype: float64}
# - {name: std, datatype: float64}
# - {name: min, datatype: float64}
# - {name: max, datatype: float64}
# - {name: sigma_mean, datatype: float64}
# - {name: sigma_std, datatype: float64}
# - {name: gaussian1_err, datatype: float64}
# - {name: gaussian2_err, datatype: float64}
# - {name: lorentzian_err, datatype: float64}
# - {name: shape, datatype: string}
# - {name: upsilon_class, datatype: string}
# - {name: upsilon_prob, datatype: float64}
# - {name: upsilon_flag, datatype: float64}
# - {name: upsilon_period, datatype: float64}
# schema: astropy-2.0
SourceID filter OID RA DEC numobs DELTA_SIG_MAG CONST_CHI2 sf rmse LNP_SIG period period_c power power_c mean std min max sigma_mean sigma_std gaussian1_err gaussian2_err lorentzian_err shape upsilon_class upsilon_prob upsilon_flag upsilon_period
[from data line 227]
2885 zg 806103100048922 5.0834545 59.319744 37 34.998531341552734 1.6088740773896022 0.791294359698525 0.10262762010097504 0.008869588684290969 0.20218785249039112 0.9973601213055314 0.47178231986866137 0.019122496753051176 19.812931060791016 0.10262762010097504 19.50391387939453 20.016984939575195 -0.08052864670753479 1.259447455406189 5.655967739059034 1.31136758704757 6.664211305421043 g2 DSCT 0.76 1.0 0.06432415549444803
265 zg 1809111300052437 5.091683 59.2901607 15 24.938434600830078 3.667105121238187 0.028503350107440203 0.21193966269493103 0.07649570235799075 0.11099131563091748 2800.0 0.721007575379853 0.3213945481391785 20.20734405517578 0.21193966269493103 19.747953414916992 20.526853561401367 -0.24256619811058044 1.9027142524719238 5.090042382463795 99999.0 4.312182900602564 l DSCT 0.6 1.0 0.03584111650337871
267 zg 806103100019821 5.1015753 59.3118228 322 77.020263671875 1.8839298344974111 0.7667973056295218 0.09564633667469025 0.006874769737893411 0.15875380029414496 1.0000143393856216 0.07677214363907385 0.00030984596084608103 19.526037216186523 0.09564633667469025 19.03814125061035 19.869037628173828 -0.08236725628376007 1.3781254291534424 0.24418386649108106 0.027525936580501193 0.15986523815422882 g2 NonVar 0.44 1.0 0.15875279993700125
268 zg 806103100045164 5.1054483 59.3039226 17 9.934679985046387 1.2724345111902935 0.8570889851564437 0.20516255497932434 0.0016451297259910413 0.16064952586321116 0.9973611992228414 0.8223227910772759 0.054761150760856886 21.512426376342773 0.20516255497932434 21.08187484741211 21.80267333984375 -0.07118190824985504 1.1015630960464478 5.83744549034212 5.8604918248696825 5.8093831934461875 l DSCT 0.57 1.0 0.1606501820143886
267 zg 1809111300004734 5.1016451 59.3117973 61 44.46175765991211 1.8418359165846887 0.6494403762592318 0.11524006724357605 0.31330773010174606 0.21888748877362543 2800.0 0.22299131291816215 0.07123274789005403 19.53803253173828 0.11524006724357605 19.289737701416016 20.064958572387695 -0.10740647464990616 1.3576165437698364 3.144682118589991 0.48213966839847866 2.5114801341148567 g2 EB_ED 0.65 1.0 0.06706476237367621
269 zg 806103100036336 5.0899284 59.2894864 204 54.041595458984375 4.183569301556893 4.427686552291273e-18 0.1758216768503189 3.7611910510773585e-05 0.997356673287745 1.000041473233088 0.15985451735298756 0.9239392120568968 19.950244903564453 0.1758216768503189 19.34345054626465 20.370662689208984 -0.21892903745174408 2.0798275470733643 0.5019156659175102 0.007909329166470996 0.18574930278110846 g2 CEPH_Other 0.43 1.0 0.8910607662802336
269 zg 1809111300042700 5.09003 59.2894364 42 35.04462432861328 4.190523419083362 5.0786538560352054e-05 0.19749711453914642 0.00025396263573097914 0.8407176674689272 2800.0 0.5318567586890354 0.006810434944888631 19.947111129760742 0.19749711453914642 19.469280242919922 20.23468780517578 -0.2580837905406952 2.0762710571289062 2.246308965477754 2.328741637892194 2.3075073201407674 g1 CEPH_F 0.33 1.0 5.436528588326802
271 zg 1809111300028510 5.0480883 59.3160685 48 26.54601287841797 1.756441783455158 0.7076796735821639 0.13665702939033508 0.06276895293871422 0.19428690549428143 2800.0 0.3306874064687231 0.0030941514589660534 19.9283447265625 0.13665702939033508 19.63037872314453 20.263198852539062 -0.11959052085876465 1.3275901079177856 3.0932289521045857 1.2326786665306675 2.0169301129642943 g2 DSCT 0.57 1.0 0.040587993089654356
271 zg 806103100019686 5.0480432 59.3160877 301 52.87455749511719 1.6383929794002903 0.9906686660350411 0.11155495792627335 0.001387621483778559 1.0349238714585305 1.0000143393856216 0.09150923762477702 0.02647845779001597 19.903900146484375 0.11155495792627335 19.353105545043945 20.277992248535156 -0.08884522318840027 1.287723422050476 0.0714357739029867 0.025799370411329035 0.2854380593843218 g2 EB_ED 0.47 1.0 1.0348813597535935
273 zg 1809111300028584 5.1036596 59.3102325 16 24.70646095275879 6.4708576198258765 2.08685729371983e-05 0.32262808084487915 0.0008996409657267951 0.2480412174874089 2800.0 0.8643129985238146 0.48405737586790665 21.01666831970215 0.32262808084487915 19.99001693725586 21.40555191040039 -0.32521238923072815 2.56716251373291 1.2447987807536853 4.029393868934064 0.7547095765418763 l NonVar 0.46 1.0 0.15275426415855023
272 zg 806103100048949 5.0862358 59.288099 56 33.61197280883789 3.720394647088598 9.891256453926916e-05 0.25451985001564026 0.002566455816361615 0.9972273437179969 0.9972273437179969 0.3648160502873248 0.9507513973476337 20.838069915771484 0.25451985001564026 19.9728946685791 21.648590087890625 -0.20053865015506744 1.950806736946106 0.5515553041502612 0.05872298006120328 0.9087729163563444 g2 DSCT 0.63 1.0 0.07619284793270824
273 zg 806103100042684 5.1037348 59.3102797 109 18.260587692260742 1.31310791929421 0.9977626433403655 0.18524418771266937 0.007244231292999994 0.1339387006516663 0.9973150996523372 0.20252833073952978 0.015682605609455568 21.119054794311523 0.18524418771266937 20.514724731445312 21.524063110351562 -0.07628908008337021 1.1487460136413574 0.26791303587119675 0.0471529740315821 0.5517031859084882 g2 DSCT 0.71 1.0 0.056116719797038
276 zg 806103100029959 5.1034636 59.2970773 101 17.146879196166992 1.2388730993305197 0.9990939231402542 0.18846900761127472 0.002038400694316016 0.23346595705499523 1.0000324800227123 0.23376724666080928 0.0009815869791210054 21.245840072631836 0.18846900761127472 20.654186248779297 21.72716522216797 -0.07198727875947952 1.1150544881820679 0.508945836420425 0.10697267037312662 0.2211510103694077 g2 RRL_e 0.37 1.0 0.23346795204864354
280 zg 1809111300005356 5.0965943 59.2915837 54 21.282888412475586 1.137301748971879 0.9951854584508076 0.10996127873659134 0.017713166145973333 4.038779405700558 2800.0 0.3354257310739904 0.14039253052442086 20.00084686279297 0.10996127873659134 19.708229064941406 20.208908081054688 -0.07544111460447311 1.0650676488876343 5.643230934768343 1.0286542178320854 2.723475953630594 g2 CEPH_Other 0.27 1.0 4.035288684726184
2889 zg 806103100049809 5.0938412 59.2902793 16 39.79966735839844 17.317328810543525 2.2445326622060583e-20 0.5444814562797546 0.0003782962600381583 0.12805494730092642 0.4993408360267447 0.876379302996594 0.08189712582450225 20.63758087158203 0.5444814562797546 19.753108978271484 21.61765480041504 -1.0786930322647095 4.4568772315979 99999.0 0.2353475522095612 99999.0 g2 DSCT 0.52 1.0 0.034832115892549025
282 zg 1809111300045861 5.1052605 59.2990027 20 13.801970481872559 1.7735549702733178 0.6001124799136601 0.2304222285747528 0.022102361125699396 1.9617537233158095 2800.0 0.6720556442870215 0.01154221176283007 20.997539520263672 0.2304222285747528 20.514497756958008 21.492107391357422 -0.11601080745458603 1.3143943548202515 4.129832888348696 99999.0 3.7371750331075577 l DSCT 0.53 1.0 0.03593027400653646
282 zg 806103100040268 5.1052696 59.2989737 143 22.663890838623047 1.9955791356799424 0.49196831668188923 0.22251588106155396 7.719577227293457e-06 0.5079079021592572 1.0000110121384305 0.23403804463380343 0.24833890696577607 21.049427032470703 0.22251588106155396 20.3861026763916 21.659997940063477 -0.11648207902908325 1.423226237297058 0.15719553690803106 0.03957046847601818 0.09424023057160308 g2 DSCT 0.88 1.0 0.07309247727184252
286 zg 806103100045106 5.0737479 59.3216336 78 29.1248836517334 3.6625377292585006 1.062165128248429e-05 0.28400975465774536 0.0009750034267438562 0.4986757921915879 0.9999798943894762 0.30418954405973303 0.6711260983107193 21.12538719177246 0.28400975465774536 20.141578674316406 21.6777400970459 -0.1972121298313141 1.9387763738632202 0.05139979311865641 99999.0 0.13840196525698195 g1 DSCT 0.64 1.0 0.051965095863913055
289 zg 1809111300004603 5.0968527 59.316389 64 39.7680549621582 0.7867628124648928 0.9999961099805408 0.04678099602460861 0.5154296349936911 0.2507018694874096 2800.0 0.19656572702937591 0.021706281620202477 18.92652130126953 0.04678099602460861 18.814245223999023 19.043132781982422 -0.02617276832461357 0.8812077641487122 6.994973126414382 5.090786857025748 10.507361629052278 g2 DSCT 0.69 1.0 0.06797966664724661
289 zg 806103100019694 5.0968404 59.3163971 342 80.36721801757812 1.378557007410585 0.9999977044253768 0.058819834142923355 0.019070425793620463 0.7010403090764731 1.0000143393856216 0.06679699426975677 0.0075323121184538945 18.944690704345703 0.058819834142923355 18.76203727722168 19.196378707885742 -0.04106665775179863 1.174566626548767 0.5434699440529884 0.36159144184742625 2.0483373796964104 g2 EB_ED 0.79 1.0 0.04342762357750821
292 zg 806103100042762 5.0992678 59.2926508 75 21.399211883544922 2.1500245580221473 0.30674295774152793 0.234466552734375 0.007889061929784485 0.3899312570347889 0.9973251358524615 0.26461220534596713 0.016861603044085398 21.309885025024414 0.234466552734375 20.45692253112793 21.719072341918945 -0.1151653379201889 1.4728899002075195 0.08820678243454713 99999.0 0.23438363958250583 g1 NonVar 0.53 1.0 0.03398259282731564
290 zg 806103100042709 5.1070719 59.3030215 62 19.143007278442383 1.9251060677335654 0.5617394624733606 0.235686257481575 0.01484275505590673 0.10292138003095776 1.000041473233088 0.2899147290965711 0.036301937474296476 21.27605628967285 0.235686257481575 20.599651336669922 21.83039093017578 -0.11108860373497009 1.391034722328186 0.9150548558632117 0.3356849150336031 0.7139550044468117 g2 DSCT 0.81 1.0 0.06307267987691013
293 zg 806103100049357 5.0488536 59.2904767 153 25.82622718811035 1.9980308377710974 0.4882890266167489 0.18975882232189178 4.864796602103699e-05 29.447495953900567 0.9999280014216904 0.20395960678965716 0.14624726527036558 20.804222106933594 0.18975882232189178 20.13682746887207 21.22787857055664 -0.11279338598251343 1.4247368574142456 0.45865993817067596 0.15077387740479026 0.13174674348387655 l NonVar 0.49 1.0 0.037300074212065555
297 zg 1809111300028872 5.0557123 59.2880112 54 26.647790908813477 1.5094314355321916 0.9061731632074523 0.12699060142040253 0.27767439223816365 0.14767870325668847 2800.0 0.2514909887439462 0.008105677885992077 20.0263671875 0.12699060142040253 19.636157989501953 20.28565216064453 -0.09921598434448242 1.230226993560791 1.119145824873655 0.4647481713000571 0.5874787921053306 g2 DSCT 0.58 1.0 0.20983743048104087
297 zg 806103100047267 5.0556806 59.2880151 269 44.210723876953125 1.700895270122661 0.9648925472885418 0.12560643255710602 0.01298959595246305 0.3284345679838632 1.0000143393856216 0.08516184303852374 0.0004150174465488291 20.072269439697266 0.12560643255710602 19.495853424072266 20.389705657958984 -0.09996798634529114 1.3141251802444458 0.5922128265020966 0.1625025208312219 0.8958770307852376 g2 RRL_ab 0.32 1.0 0.3284255303598581
293 zg 1809111300028843 5.0488161 59.2904057 27 9.601813316345215 0.6806808518642146 0.9993083526423244 0.1387554109096527 0.00928906349038741 0.5191236008775763 2800.0 0.5870603075978614 0.019761925177456743 20.809919357299805 0.1387554109096527 20.513479232788086 21.07691192626953 -0.04690239951014519 0.8136726021766663 4.394084703306733 1.5902179380521082 3.879818658815019 g2 DSCT 0.44 1.0 0.032751716015625286
300 zg 806103100020143 5.0380576 59.2992184 95 29.84937858581543 3.1335897511326958 0.0003065613134272091 0.2726747393608093 0.0034924393147988115 1.035065570033384 0.9973756746669208 0.2314335893351169 0.32535773515090183 21.223438262939453 0.2726747393608093 20.14998435974121 21.89223861694336 -0.1673804521560669 1.7901592254638672 0.09828966235802584 6.4557172091290695 0.1678793521362476 g1 DSCT 0.51 1.0 0.058812885739847526
300 zg 1809111300037352 5.0380364 59.2991658 12 12.631250381469727 1.7941863440646986 0.5422961253897678 0.22344325482845306 0.0037119076312262674 0.11073272433827344 0.9973522486565618 0.9147047878881216 0.8989138403464503 21.100784301757812 0.22344325482845306 20.545631408691406 21.420974731445312 -0.10684851557016373 1.2976421117782593 9.688949920373307 11.3260167837151 9.562136339036156 l DSCT 0.69 1.0 0.06597110916508875
298 zg 806103100049349 5.0439741 59.3148149 13 15.512191772460938 3.590866299291731 0.04294465439025515 0.30536675453186035 0.0015518450730282424 0.13175079478613677 0.4993294470574517 0.9113876935274138 0.071459368821968 21.25859832763672 0.30536675453186035 20.704092025756836 21.66362190246582 -0.1931072324514389 1.8535834550857544 99999.0 99999.0 99999.0 nc DSCT 0.78 1.0 0.13175120230794604
301 zg 806103100049413 5.0938281 59.2896762 122 38.576595306396484 3.750587134472043 1.2821506927274825e-08 0.22602075338363647 6.166516815559757e-05 0.10191896077741613 1.0000143393856216 0.24195739941443364 0.0009900723421075429 20.573009490966797 0.22602075338363647 19.753108978271484 21.15689468383789 -0.20932698249816895 1.9709810018539429 0.3448853833637459 0.03004451860361723 0.2684431261811032 g2 DSCT 0.79 1.0 0.09989835920713579
301 zg 1809111300042697 5.093717 59.2895872 11 8.883169174194336 0.8569759233607674 0.9335818084324681 0.13541406393051147 0.0005494912442666749 0.6077624155178751 2800.0 0.9653697591398895 0.1333664672390568 20.666088104248047 0.13541406393051147 20.39409637451172 20.833389282226562 -0.0551593042910099 0.8881456255912781 99999.0 48.39271411209825 46.69164561663911 l RRL_c 0.33 1.0 0.28415882146443766
304 zg 1809111300004832 5.0373565 59.3074708 31 17.777353286743164 2.098669845740375 0.3920912471569854 0.21600677073001862 0.043602962615941036 1.3532111959613027 2800.0 0.4714804019969171 0.01944669516221005 20.653432846069336 0.21600677073001862 20.15081787109375 21.025390625 -0.14619192481040955 1.4492883682250977 2.3162540807160195 2.1218663489411487 2.4448786071966424 g2 DSCT 0.84 1.0 0.062039394405221646
304 zg 806103100019919 5.0373505 59.3074846 191 27.387672424316406 1.8188674311804496 0.8122734073582274 0.18299183249473572 2.0276822834767729e-07 29.35232805840036 1.0000175167475613 0.21441054576146143 0.11283871333611872 20.71786880493164 0.18299183249473572 20.132511138916016 21.379608154296875 -0.10759545117616653 1.3594286441802979 0.15746164774865037 99999.0 0.35804937629930794 g1 EB_ESD 0.2 1.0 29.430634303921522
306 zg 806103100036249 5.10724 59.3014353 323 132.49098205566406 2.2287910877906896 0.07576768001806189 0.07209812849760056 6.358795187690992e-05 0.9972441069114794 1.0000143393856216 0.10373029341842072 0.9064188668004436 18.99919319152832 0.07209812849760056 18.56122398376465 19.262258529663086 -0.061589810997247696 1.494774580001831 0.05905982578805852 0.010056937502268033 1.036274175494749 g2 NonVar 0.45 1.0 0.5095354976185127
305 zg 806103100049854 5.0439512 59.2928465 75 32.63569259643555 4.452268184507895 3.823347855277924e-09 0.29466354846954346 4.557227544724734e-05 0.5079195727876531 0.9972272938031994 0.3612961721651591 0.31410716231790764 21.251176834106445 0.29466354846954346 20.031326293945312 21.83849334716797 -0.21466898918151855 2.143246650695801 0.04723598356214377 99999.0 0.16904728895637025 g1 DSCT 0.55 1.0 0.08592128847438019
306 zg 1809111300005050 5.1073077 59.30144 64 88.04871368408203 2.6769150767151264 0.037737241921935796 0.08393879979848862 0.10682728328729887 0.9973965996623295 2800.0 0.24779644537644463 0.9959147774727978 18.99256134033203 0.08393879979848862 18.64212989807129 19.15172004699707 -0.0835898220539093 1.6303766965866089 3.27276910913764 21.994335598966032 2.2324900505910303 l NonVar 0.6 1.0 0.03993512174086603
