t_zr_0928.ecsv
# %ECSV 1.0
# ---
# datatype:
# - {name: SourceID, datatype: int32}
# - {name: filter, datatype: string}
# - {name: OID, datatype: string}
# - {name: RA, datatype: float64}
# - {name: DEC, datatype: float64}
# - {name: numobs, datatype: int32}
# - {name: DELTA_SIG_MAG, datatype: float64}
# - {name: CONST_CHI2, datatype: float64}
# - {name: sf, datatype: float64}
# - {name: rmse, datatype: float64}
# - {name: LNP_SIG, datatype: float64}
# - {name: period, datatype: float64}
# - {name: period_c, datatype: float64}
# - {name: power, datatype: float64}
# - {name: power_c, datatype: float64}
# - {name: mean, datatype: float64}
# - {name: std, datatype: float64}
# - {name: min, datatype: float64}
# - {name: max, datatype: float64}
# - {name: sigma_mean, datatype: float64}
# - {name: sigma_std, datatype: float64}
# - {name: gaussian1_err, datatype: float64}
# - {name: gaussian2_err, datatype: float64}
# - {name: lorentzian_err, datatype: float64}
# - {name: shape, datatype: string}
# - {name: upsilon_class, datatype: string}
# - {name: upsilon_prob, datatype: float64}
# - {name: upsilon_flag, datatype: float64}
# - {name: upsilon_period, datatype: float64}
# schema: astropy-2.0
SourceID filter OID RA DEC numobs DELTA_SIG_MAG CONST_CHI2 sf rmse LNP_SIG period period_c power power_c mean std min max sigma_mean sigma_std gaussian1_err gaussian2_err lorentzian_err shape upsilon_class upsilon_prob upsilon_flag upsilon_period
[from data line 1234]
1042 zr 806203100066750 5.1457079 59.3063004 51 12.50149917602539 2.0496621868609273 0.42805093498636093 0.26799023151397705 0.000582471142276765 0.19966903302948744 0.9999463115027918 0.6884175622044406 0.4399827129341676 21.335636138916016 0.26799023151397705 20.69458770751953 21.752981185913086 -0.13153475522994995 1.4248149394989014 0.5930769512801329 0.9069296963726483 0.6065804135019098 g1 DSCT 0.68 1.0 0.05837178029191314
1053 zr 806203100043141 5.0257841 59.3332446 868 212.81564331054688 2.728838287942933 3.752314445744216e-07 0.04317471757531166 1.4035784575672813e-07 2800.0 0.997336033066433 0.1024579358867689 0.8298607175890935 17.84572410583496 0.04317471757531166 17.689983367919922 17.987499237060547 -0.0373353436589241 1.6513707637786865 0.26448663410078777 0.014433528508678722 0.2405037554440496 g2 NonVar 0.92 0.0 4535.704652700006
1048 zr 806203100022156 5.0376376 59.3372471 433 25.46940803527832 1.7230708331179858 0.9525593628529476 0.1870999038219452 1.1699923853132474e-07 0.9972119905907687 0.997343815080248 0.16237660314620042 0.9340952599561119 20.593778610229492 0.1870999038219452 19.876157760620117 21.028778076171875 -0.12218590825796127 1.3296476602554321 0.03757931946238823 0.002340164583646179 0.022598318068393883 g2 RRL_e 0.34 1.0 0.24949078283730183
1056 zr 806203100064556 5.0829853 59.3411968 655 45.52773666381836 1.4077312826383908 0.9999976566508827 0.10937260091304779 0.01458095007365193 0.15309756583272652 0.997343815080248 0.06192899890282394 0.009369215316105526 19.848224639892578 0.10937260091304779 19.295427322387695 20.1682071685791 -0.08713606745004654 1.1953052282333374 0.021171833954500983 0.001824654774480706 0.048783696993141785 g2 NonVar 0.58 1.0 0.05223165407594591
1051 zr 806203100051916 5.0057995 59.3205832 47 7.387712478637695 0.7430203876146407 0.9938936719744065 0.18228600919246674 0.0005940291984995714 0.33362975133710787 0.9972119905907687 0.7832214747783496 0.010791024552566046 21.439287185668945 0.18228600919246674 21.090736389160156 21.80600929260254 -0.05144687369465828 0.8448997735977173 1.0912296367189842 1.894964492276368 1.0914103031123152 g1 DSCT 0.51 1.0 0.043559634374188125
1056 zr 1809211300076757 5.0830089 59.3412118 68 33.12666702270508 1.494550858069567 0.939327618271179 0.1138729378581047 0.017816825688132688 0.3705147300023252 2800.0 0.2812819818051923 0.0737438266437305 19.85605812072754 0.1138729378581047 19.53805923461914 20.20880699157715 -0.10041750222444534 1.2259470224380493 0.18839643855224622 0.14956361584163058 0.1400728551110088 l RRL_c 0.24 1.0 0.3705224309815946
1046 zr 806203100060269 5.0200677 59.3307378 55 9.390295028686523 0.8682145796188236 0.9980745102584279 0.1895773857831955 0.004771797839725319 1.0008641962796825 0.9973065922867754 0.5149765080721864 0.14237701814753662 21.394580841064453 0.1895773857831955 20.949745178222656 21.831226348876953 -0.05927339568734169 0.9240162372589111 0.18451974139957336 0.19569412813443263 0.16805404050842346 l DSCT 0.7 1.0 0.056789569175976135
1055 zr 806203100052048 5.1451866 59.3099401 141 16.058692932128906 1.5956707368128122 0.9128036296808871 0.24008014798164368 0.00015198989128278515 1.0349571718488404 0.9973458274364851 0.31763664338677283 0.1455964649695319 21.18987464904785 0.24008014798164368 20.483558654785156 21.780611038208008 -0.11042042821645737 1.2712147235870361 0.03303562123485467 0.02589730761430791 0.03364177004314664 g2 EB_ESD 0.27 1.0 1.0351005877051056
1058 zr 1809211300005972 5.0516835 59.3402703 77 308.64080810546875 1.4575977683546366 0.9638394120708464 0.01275140605866909 0.002544016531965345 0.19740865954999984 2800.0 0.2945575573984981 0.028177362253896783 14.983798027038574 0.01275140605866909 14.951801300048828 15.021610260009766 -0.0014894991181790829 1.1994471549987793 23.697714993035692 1.9413894120887791 20.234492038232254 g2 NonVar 0.46 1.0 0.19739911417322809
1058 zr 806203100022042 5.0516742 59.34028 868 339.3174133300781 1.2063531279523851 0.9999999999985972 0.013888943940401077 2.64288573598984e-09 2800.0 0.997336033066433 0.11847394399604913 0.82984744565 14.985254287719727 0.013888943940401077 14.927423477172852 15.036123275756836 -0.0008596710977144539 1.097129225730896 4.1836469479496525 0.2568031067465693 4.001065240172304 g2 NonVar 0.97 0.0 2267.852326350003
1060 zr 1809211300070323 5.1379741 59.2865507 29 11.801314353942871 1.055706090808185 0.9806654206081359 0.1799933761358261 0.02555797400868211 0.14315022457355583 2800.0 0.5246946404881637 0.11725931005407784 20.80918312072754 0.1799933761358261 20.494861602783203 21.24036407470703 -0.08028946816921234 1.0186443328857422 0.45272325917435313 0.38811146721643186 0.33846031219351647 l EB_EC 0.52 1.0 0.09046030807152915
1061 zr 806203100051925 5.1384872 59.3208637 795 54.13612365722656 1.4250070826379944 0.9999986125508171 0.0914812758564949 0.03297957810214886 11.635385254769268 0.997336033066433 0.052221167943806344 0.0045609889850651945 19.55306053161621 0.0914812758564949 19.135528564453125 19.83397102355957 -0.07558487355709076 1.1998740434646606 0.02544255598260125 0.023492534104105137 0.06631211641934669 g2 NonVar 0.64 1.0 0.03130576635584334
1061 zr 1809211300006908 5.1385085 59.3208604 75 43.47130584716797 1.9267187476009278 0.5677522550104306 0.11362309008836746 0.6953121519617322 0.1454241838917557 2800.0 0.16156587683331788 0.004517991798541433 19.553972244262695 0.11362309008836746 19.362831115722656 20.086118698120117 -0.11946989595890045 1.3925113677978516 0.4154424850294567 0.07296499562205984 0.3047014200289353 g2 DSCT 0.36 1.0 0.03383482142857138
1063 zr 1809211300042478 4.9977739 59.3043685 58 29.696428298950195 2.1485162267370854 0.3266667694812691 0.16064301133155823 0.0015908520828384455 0.2953909988659313 2800.0 0.3779444666645132 0.06454497751499286 20.14794158935547 0.16064301133155823 19.67803382873535 20.59245491027832 -0.16011859476566315 1.4812299013137817 0.08083136949286142 0.10433498356923332 0.08398636438658917 g1 RRL_c 0.33 1.0 0.29539589353045853
1066 zr 806203100052205 5.0006483 59.2934277 28 13.203533172607422 2.65548836104785 0.16372187561555368 0.30312544107437134 5.268202340345292e-05 0.2277312189709285 0.4993102217205373 0.875832496233647 0.1688489847023673 21.306032180786133 0.30312544107437134 20.617204666137695 21.675678253173828 -0.1702861338853836 1.6141210794448853 0.6176751925482924 0.9489208969181472 0.5659325964919687 l DSCT 0.83 1.0 0.04937312277083038
1065 zr 1809211300008481 5.0078462 59.2848039 23 12.796798706054688 2.258552114654174 0.30458938763213184 0.2644680440425873 3.648356745164983e-05 29.54519627411815 2800.0 0.807865466370805 0.39088296745208406 20.942323684692383 0.2644680440425873 20.540264129638672 21.445308685302734 -0.1635645180940628 1.4970587491989136 0.6903316822534411 1.208080520781023 0.705518148897552 g1 T2CEPH 0.5 1.0 1.0319711944800045
1063 zr 806203100052085 4.9976884 59.3044365 615 49.96904373168945 2.2771737278037874 0.039209867330135886 0.1558426469564438 0.0006916648117088792 0.9947113608921695 0.997336033066433 0.08610445840483333 0.1439776220943151 20.140657424926758 0.1558426469564438 19.19100570678711 20.55386734008789 -0.1427788883447647 1.531448483467102 0.020252393005464307 0.0034432034942063422 0.016506149039388827 g2 NonVar 0.68 1.0 0.04189292089794869
1068 zr 806203100060452 5.1457937 59.2986834 831 127.1144027709961 2.006946946961409 0.4706898014671764 0.05870576947927475 0.003450647164855765 0.15410678056073823 0.997336033066433 0.0629740460548939 0.01238805220153429 18.683778762817383 0.05870576947927475 18.401565551757812 18.883644104003906 -0.05323395878076553 1.4182087182998657 0.10867121900234708 0.014991154330494201 0.04822318695635995 g2 NonVar 0.54 1.0 0.08290752088725609
1068 zr 1809211300054509 5.1457986 59.2986678 76 83.64599609375 1.645733759048056 0.8645527258111982 0.05063989385962486 0.1702707604968244 0.15655862853581173 2800.0 0.20472893654144164 0.06026661745894844 18.679485321044922 0.05063989385962486 18.524389266967773 18.793582916259766 -0.04345324635505676 1.2766549587249756 0.09084518259510078 0.02120040391959892 0.24017149584994865 g2 NonVar 0.5 1.0 0.15655631406857526
1069 zr 1809211300054703 5.1354153 59.2839213 73 32.78889465332031 1.2749926904394033 0.992963604624569 0.0864211693406105 0.022036455438055158 0.6378514365775488 2800.0 0.2609826954241108 0.03465465385851783 19.55116844177246 0.0864211693406105 19.39229393005371 19.810564041137695 -0.07214634865522385 1.128117322921753 0.5386796313831808 0.5358697775672029 0.7101691911533424 g2 EB_ESD 0.5 1.0 0.0527216920601544
1070 zr 1809211300042135 5.1301659 59.327743 62 18.292236328125 1.0131713912308975 0.9995349703482005 0.12071816623210907 0.012653561337037045 0.1838703354674445 2800.0 0.31027665721529846 0.008812390756612548 20.196870803833008 0.12071816623210907 19.920642852783203 20.497459411621094 -0.08500753343105316 1.0091410875320435 0.6508352618727764 0.5357808410398153 0.5788158143100303 g2 DSCT 0.8 1.0 0.0604252118880479
1070 zr 806203100022557 5.1302172 59.3277419 601 30.495817184448242 1.4274892230145892 0.9999861709335663 0.14763547480106354 0.00013546970860310738 1.035024430967775 0.997336033066433 0.09325881996074196 0.0040553281488466915 20.2408447265625 0.14763547480106354 19.674861907958984 20.790729522705078 -0.10929607599973679 1.2087249755859375 0.02520465256973532 0.005341062502131292 0.027043010666961704 g2 EB_ESD 0.38 1.0 0.9646330609740549
1072 zr 1809211300076578 4.9974947 59.3030849 19 16.536218643188477 1.8995336784070602 0.5165277498559709 0.19592510163784027 0.01607628072153717 0.12662386870718864 2800.0 0.707920257950006 0.3177657220954448 20.6397647857666 0.19592510163784027 20.191694259643555 20.996200561523438 -0.13590633869171143 1.364621639251709 0.4210407567570438 0.5815217530768855 0.36726360752757625 l DSCT 0.56 1.0 0.030455668167810205
1071 zr 1809211300054609 5.1422711 59.2910066 66 21.72795295715332 1.2503195308103656 0.9923069152776014 0.12168506532907486 0.06026203526531142 0.6282604772238042 2800.0 0.2577875525720691 0.08484830096715082 20.067657470703125 0.12168506532907486 19.78591537475586 20.345945358276367 -0.09678066521883011 1.122274398803711 0.7485871530798691 1.2370378207427126 0.7784873334989552 g1 DSCT 0.63 1.0 0.046184854645625134
1074 zr 1809211300006033 5.041597 59.3386954 76 29.91115379333496 0.910075630869523 0.9999870274949404 0.07235688716173172 0.28626828759968764 0.40441446859638414 2800.0 0.19053507812458695 0.027560640494792298 19.550447463989258 0.07235688716173172 19.39501953125 19.759113311767578 -0.05086125060915947 0.9516814947128296 0.9364559830479696 1.54459727680504 0.9273273740113094 l DSCT 0.42 1.0 0.03015714014162823
2477 zr 1809211300073462 5.0111632 59.281839 14 7.436445236206055 0.720114636038937 0.981565435785598 0.15057410299777985 0.0037287015509931652 0.10694119316648885 2800.0 0.8744134060933143 0.41828082903829433 20.913610458374023 0.15057410299777985 20.708961486816406 21.20906639099121 -0.051915355026721954 0.8224749565124512 1.2680331105827782 0.36840093696113585 1.1652079789963332 g2 EB_EC 0.83 1.0 0.4423007995746135
1074 zr 806203100043040 5.041581 59.3387079 774 34.610225677490234 1.0955055978110584 0.9999999999999977 0.0840563103556633 0.1105172552661344 0.10708018608978773 0.997336033066433 0.04815240447159326 0.001784599193939738 19.55886459350586 0.0840563103556633 19.348440170288086 19.840322494506836 -0.06232665106654167 1.0509092807769775 0.11605405563986301 0.03070965154399617 0.0505160945602549 g2 NonVar 0.72 1.0 0.05479360038536816
1075 zr 1809211300009082 5.0326607 59.27147 77 60.41238021850586 1.3021518330922937 0.9920900556993674 0.055889494717121124 0.03153547326467649 0.1731721359639525 2800.0 0.24176818917606005 0.0068821994918614555 18.947593688964844 0.055889494717121124 18.815279006958008 19.113941192626953 -0.04516546055674553 1.1363236904144287 2.103301721048399 0.2655274995119704 0.8260792104235817 g2 NonVar 0.32 1.0 0.17316479049915265
1077 zr 1809211300054343 4.9977529 59.3082605 10 13.923629760742188 2.3164649260473547 0.3172552933876801 0.25946924090385437 0.07438774092448062 0.11705797799852286 2800.0 0.8946824894658989 0.018377171313594773 20.917835235595703 0.25946924090385437 20.477123260498047 21.436138153076172 -0.1591833382844925 1.4700454473495483 0.8129369038993534 0.41244110471421613 0.7699689038283019 g2 NonVar 0.62 1.0 0.03098196953561963
1080 zr 806203400064220 5.0653546 59.2658033 88 16.168376922607422 1.8023604930280193 0.6964041101746955 0.22476956248283386 0.013749309023377688 0.27458759516124503 0.9973088741706542 0.2994778967334097 0.06217197605131592 20.942882537841797 0.22476956248283386 20.372365951538086 21.46204948425293 -0.12314560264348984 1.3508059978485107 0.20064768417441883 0.1079660127003967 0.1589464227681112 g2 DSCT 0.6 1.0 0.0349262491357928
1079 zr 806203100060424 4.9973857 59.3009545 88 14.491870880126953 1.6019414967892198 0.8333386596959266 0.23684754967689514 0.001491585229354144 0.330516592003706 0.9972119905907687 0.4319938406639623 0.05704477178367688 21.281837463378906 0.23684754967689514 20.536090850830078 21.66696548461914 -0.10509181767702103 1.267320156097412 0.06916424455484141 0.03955584433521117 0.0774886141944293 g2 RRL_d 0.32 1.0 0.3305169950204443
1083 zr 806203100051942 5.1404157 59.3196454 17 12.46932315826416 3.2878114671142393 0.09671869228555599 0.36252981424331665 5.331577012973783e-05 0.1466711962387676 0.2844894315989723 0.9901194215965438 0.0739820403845505 21.379314422607422 0.36252981424331665 20.775978088378906 21.940876007080078 -0.21659159660339355 1.761266827583313 0.221525836849636 0.3822312018066487 0.2324376648240992 g1 DSCT 0.68 1.0 0.06263769538093737
1081 zr 806203100043743 5.1469292 59.3015731 802 57.367671966552734 1.299642719999903 0.9999999967730585 0.07936710864305496 0.23119843585255231 0.15027737086773074 0.997336033066433 0.043558329278694775 0.006401777129471085 19.321697235107422 0.07936710864305496 19.069726943969727 19.700199127197266 -0.06478770077228546 1.1439512968063354 0.0225906241080479 0.012701440001859592 0.07918444395373943 g2 EB_ED 0.94 1.0 0.043165943247744545
1081 zr 1809211300042571 5.14694 59.3015694 76 39.40829849243164 1.1577193283421567 0.9987022032831345 0.06658415496349335 0.05981988407931022 0.12662333700262102 2800.0 0.229877953882447 0.07003346227173905 19.286428451538086 0.06658415496349335 19.1534423828125 19.478172302246094 -0.05205756053328514 1.0726343393325806 1.4319503417658264 0.4884115095859225 0.6779435299423519 g2 NonVar 0.56 1.0 0.03508194110735592
1080 zr 1809211300054890 5.0653793 59.2657542 24 14.461718559265137 2.1568773108972117 0.3604650992083338 0.2492070198059082 0.09786030901056308 0.12504909093429878 2800.0 0.5317037672553659 0.0399049192410207 20.923707962036133 0.2492070198059082 20.42501449584961 21.368928909301758 -0.1535627692937851 1.463503360748291 0.6730725568280047 1.1122161056245232 0.6674395615560013 l DSCT 0.59 1.0 0.04197052198145455
1084 zr 1809211300042721 5.1443629 59.2936877 36 13.329998970031738 1.0828554376715336 0.9876353597692115 0.16308026015758514 0.013364431459258768 0.13075746371704808 2800.0 0.4723022822245074 0.16244817945966827 20.774490356445312 0.16308026015758514 20.356975555419922 21.090662002563477 -0.07696553319692612 1.035438895225525 0.7457774803769567 1.1251492790839872 0.6907429257226511 l DSCT 0.79 1.0 0.07459661766145122
