t_zr_0418_original.ecsv
# %ECSV 1.0
# ---
# datatype:
# - {name: SourceID, datatype: int32}
# - {name: filter, datatype: string}
# - {name: OID, datatype: string}
# - {name: RA, datatype: float64}
# - {name: DEC, datatype: float64}
# - {name: numobs, datatype: int32}
# - {name: DELTA_SIG_MAG, datatype: float64}
# - {name: CONST_CHI2, datatype: float64}
# - {name: LNP_SIG, datatype: float64}
# - {name: period, datatype: float64}
# - {name: period_c, datatype: float64}
# - {name: power, datatype: float64}
# - {name: power_c, datatype: float64}
# - {name: upsilon_class, datatype: string}
# - {name: upsilon_prob, datatype: float64}
# - {name: upsilon_flag, datatype: float64}
# - {name: upsilon_period, datatype: float64}
# schema: astropy-2.0
SourceID filter OID RA DEC numobs DELTA_SIG_MAG CONST_CHI2 LNP_SIG period period_c power power_c upsilon_class upsilon_prob upsilon_flag upsilon_period
[from data line 2941]
1574 zr 1809211300061970 5.1683209 59.3055689 0 nan nan nan nan nan nan nan nan nan nan nan
1582 zr 1809211300073357 4.9808663 59.319682 1 nan nan nan nan nan nan nan nan nan nan nan
1584 zr 806203100023570 5.1683039 59.3013481 914 1821.5797119140625 5.104893711846615 0.9999999548573377 0.1267781235245374 0.9973493234494499 0.02126366872469993 0.010019781561524027 EB_ED 0.62 1.0 0.042063461177330265
1581 zr 806203100022133 5.1397047 59.3389545 113 17.465700149536133 1.72023086509722 0.0029487781574479384 0.11961840244110271 0.9973052680316117 0.31814596296662384 0.023870053558716988 DSCT 0.83 1.0 0.11961969356024892
1584 zr 1809211300007844 5.1683229 59.3013333 81 792.1549072265625 4.62729651180696 0.8230277286257369 0.19187081080689433 0.9972164461363069 0.13663544038383527 0.0162742826467568 NonVar 0.83 1.0 0.0354685530202949
1577 zr 806203100051978 4.9780673 59.3147995 3 nan nan nan nan nan nan nan nan nan nan nan
"" zr 1809211300061559 5.0855309 59.3526253 0 nan nan nan nan nan nan nan nan nan nan nan
1583 zr 806203100063284 4.9756638 59.3036601 3 nan nan nan nan nan nan nan nan nan nan nan
"" zr 1809211300066611 4.9787293 59.3162902 2 nan nan nan nan nan nan nan nan nan nan nan
1586 zr 1809211300007561 5.1683828 59.3073824 53 17.729278564453125 1.3313778304820716 0.027199722447235977 0.10038066598827962 0.9971521581194235 0.32739363569156404 0.10513681157473397 DSCT 0.79 1.0 0.10037925815956365
1586 zr 806203100056986 5.1684257 59.3074047 508 23.623743057250977 1.2843932285950572 3.6521664712020787e-06 29.5278099421618 0.9973493234494499 0.13520151747913034 0.023183665024949826 EB_ESD 0.33 1.0 1.0352059384057992
1587 zr 806203400044326 5.0904135 59.2554687 1 nan nan nan nan nan nan nan nan nan nan nan
"" zr 806203100051638 5.1121674 59.348775 4 nan nan nan nan nan nan nan nan nan nan nan
1585 zr 1809211300070026 4.9935844 59.3327449 2 nan nan nan nan nan nan nan nan nan nan nan
1588 zr 1809211300070003 5.0021695 59.3380541 0 nan nan nan nan nan nan nan nan nan nan nan
1589 zr 1809211300041764 5.0995117 59.3512698 0 nan nan nan nan nan nan nan nan nan nan nan
1591 zr 1809211300054512 4.9765904 59.2957304 1 nan nan nan nan nan nan nan nan nan nan nan
"" zr 1809211300070334 5.1614053 59.2846208 0 nan nan nan nan nan nan nan nan nan nan nan
1592 zr 1809211300008809 4.9908216 59.2768732 81 411.1632995605469 2.2141187158374622 0.664104965778139 0.1500303469429695 0.9972164461363069 0.1470760395948386 0.00412701716169954 NonVar 0.74 1.0 0.03545910884279455
1591 zr 806203100052187 4.97642 59.2955922 8 nan nan nan nan nan nan nan nan nan nan nan
1594 zr 806203400058937 5.1095214 59.2581855 20 10.320898056030273 2.080123061656188 7.559177236392507e-05 2.885763163339158 0.9973871358041738 0.909987767827841 0.07185928129826875 CEPH_F 0.35 1.0 2.8857946068111393
"" zr 1809211300054689 5.1622364 59.2854698 0 nan nan nan nan nan nan nan nan nan nan nan
1595 zr 806203400061589 5.0516094 59.2554154 50 27.99221420288086 5.78796743460331 9.200529310530122e-05 0.9973052680316117 0.9973052680316117 0.5477800189532113 0.9698382778507837 CEPH_Other 0.41 1.0 0.9620979296511627
1594 zr 1809211300043336 5.1096634 59.2581524 1 nan nan nan nan nan nan nan nan nan nan nan
"" zr 1809211300070389 5.1466802 59.2721193 0 nan nan nan nan nan nan nan nan nan nan nan
1599 zr 1809211300042495 4.9749189 59.3025286 51 20.736495971679688 1.4635087387151646 0.03269586416358803 0.15779271587225696 0.9974506285017827 0.3360739247316345 0.000974421561212531 NonVar 0.44 1.0 0.03047145150958737
1595 zr 1809211300070464 5.0517234 59.2553645 16 15.275666236877441 3.072079029110658 0.0008465955685275832 1.0315167877224276 0.9974618557608744 0.8641983859878692 0.3722887056723722 LPV_SRV_AGB_O 0.26 1.0 29.93186127209307
1598 zr 806203100066517 4.9908162 59.331209 133 33.426082611083984 6.648368228211047 4.486802673159892e-05 29.36659197299917 0.997401777168367 0.4092324135643242 0.14912667455335482 CEPH_1O 0.2 1.0 1.0323555438404832
1600 zr 1809211300075486 5.0286683 59.3483406 0 nan nan nan nan nan nan nan nan nan nan nan
1599 zr 806203100057008 4.9748045 59.3025405 510 24.228700637817383 1.4007098273382623 0.0014139737425907435 1.03486939790897 0.9972915359214594 0.09166940299443319 0.025123578564775595 NonVar 0.33 1.0 0.2947621450483651
1596 zr 1809211300041738 5.0844602 59.3531689 32 15.774884223937988 1.6238001132483926 0.034890470917068934 2.048374936127127 0.9973820334436908 0.47514598775013767 0.13623909693382946 EB_EC 0.23 1.0 2.0475618938095326
1596 zr 806203100021585 5.0843763 59.353198 342 22.348745346069336 1.6455534096097257 8.937228607380104e-06 1.0350367803109077 0.9972915359214594 0.16831635727132863 0.06562901412818252 EB_ESD 0.39 1.0 1.0352040176327861
1597 zr 1809211300054036 4.9943814 59.3338808 0 nan nan nan nan nan nan nan nan nan nan nan
1603 zr 806203400030575 5.0282457 59.259499 550 385.4485168457031 4.579832462447757 0.6884473256432808 0.11294998134282971 0.9999866996793741 0.058829058436108216 0.0010894439892981805 NonVar 0.93 1.0 0.1129480915519768
1601 zr 806203400044340 5.0796683 59.2543199 321 34.90642547607422 1.7744944038435382 0.008582398937588493 1.0354202951732032 0.9973493234494499 0.1189309155536644 0.01518496131092849 NonVar 0.51 1.0 0.05855831007757834
1601 zr 1809211300062380 5.0797082 59.254318 64 22.793004989624023 1.1683479087688105 0.13523224121407484 0.7672777868475058 0.9972164461363069 0.24271846001174235 0.06151080435217113 DSCT 0.85 1.0 0.08621664454874998
1603 zr 1809211300009628 5.0282711 59.2594767 81 211.36648559570312 1.7863072815413954 0.19213718018351314 0.18428755049526324 0.9972164461363069 0.18252267782590537 0.08821075553384834 NonVar 0.6 1.0 0.06300337283909695
1602 zr 1809211300009874 5.0871221 59.2547525 58 22.06293296813965 1.5420222112360404 0.011170444278067477 7.803566099078997 0.9974593581424834 0.3195092319756642 0.012232582506729896 EB_ESD 0.43 1.0 0.8842820022880299
1598 zr 1809211300076680 4.9906544 59.3312309 11 25.337146759033203 12.292640127527646 0.0006521057035646588 0.5418982853332746 0.9972553389542566 0.9658202441309582 0.14647766418912025 DSCT 0.56 1.0 0.059228879181570854
1602 zr 806203400000225 5.0871534 59.2547425 324 52.03121566772461 3.590954808906431 0.0013835971362187386 0.25005746686907576 0.9973509924032099 0.13490946085262956 0.08506383788700356 NonVar 0.49 1.0 0.05573195742814954
"" zr 806203100063128 5.0108314 59.3426448 2 nan nan nan nan nan nan nan nan nan nan nan
1605 zr 806203100023075 5.1671229 59.3151289 506 22.338668823242188 1.0923863842642334 0.002689767923085047 0.17447475189497394 0.9972810236558204 0.09083417826164876 0.002528211304512015 DSCT 0.84 1.0 0.17447795422966836
1606 zr 806203400030659 5.0446539 59.2560853 564 109.37596893310547 1.6356804021823104 0.008932669520611523 0.7396272582553857 0.9999866996793741 0.09209706599316733 0.002541663973952642 EB_ED 0.91 1.0 0.10302014707139254
1604 zr 1809211300062313 5.1352714 59.265939 14 8.313257217407227 0.8698812650400505 0.02228117813331544 0.10874370250633911 1.000190072504005 0.8167633614343587 0.11324009815671167 DSCT 0.72 1.0 0.052662550761196886
1606 zr 1809211300043348 5.0446904 59.2560684 81 75.40059661865234 1.3198343119205904 0.014585801684932672 0.14366930151467955 0.9972164461363069 0.23654873502045784 0.0983831542112024 NonVar 0.49 1.0 0.16784752857322816
1605 zr 1809211300054294 5.1672096 59.3151021 60 20.6087589263916 1.8591670200828005 0.03453818517010121 0.2458365442124653 1.0001925601711037 0.2894059439635965 0.029325063894424495 DSCT 0.79 1.0 0.09839333997753742
"" zr 1809211300073297 5.0393095 59.3508447 0 nan nan nan nan nan nan nan nan nan nan nan
"" zr 806203400000127 5.0366291 59.2574522 0 nan nan nan nan nan nan nan nan nan nan nan
1608 zr 806203400000028 5.129855 59.2636658 188 28.479082107543945 2.563595146714744 0.00024773029505614633 28.739388656306915 0.997411131659203 0.2379244069241141 0.02400438709528638 DSCT 0.6 1.0 0.06352672551741337
1600 zr 806203100066395 5.0286181 59.3485813 6 nan nan nan nan nan nan nan nan nan nan nan
1609 zr 1809211300008941 4.9938667 59.2739994 81 121.53511047363281 1.7815257451163424 0.0827932454529649 0.12367197990564811 0.9972164461363069 0.2012738097523755 0.12053732175385029 EB_ED 0.74 1.0 0.050506401627033494
1607 zr 806203100056843 4.9836328 59.3251504 577 21.20211410522461 1.2163848315809966 0.008084828925065634 1.8543805824098 0.9972549595539651 0.07476540019664983 0.009998554239245954 NonVar 0.76 1.0 0.03272882360976698
1604 zr 806203400063536 5.1354807 59.2659254 44 18.52649688720703 2.6289476757559833 0.0020021028925179675 0.12452229435387027 0.9972703114542596 0.5198568775078518 0.13270079395656542 NonVar 0.47 1.0 0.0302092505334586
1611 zr 1809211300009107 4.9996386 59.2704055 34 17.647003173828125 1.9054046340041084 0.006550525569007291 0.32596901461077293 1.0001925601711037 0.5162964264369209 0.15202849260664122 DSCT 0.72 1.0 0.05330154769804942
1607 zr 1809211300054137 4.9836114 59.3251488 58 21.001096725463867 1.302741199585191 0.013823410828113352 0.21036839523375686 0.9974593581424834 0.31417273765480924 0.03837084969024393 DSCT 0.79 1.0 0.17372330187731522
1608 zr 1809211300009496 5.1300123 59.2636939 54 22.432140350341797 2.2303467938855857 0.1215815637574431 0.10479385060306834 0.9976013883649818 0.2822954035897709 0.11106041939959545 DSCT 0.46 1.0 0.03435256647533314
1610 zr 1809211300007900 4.9753093 59.2967688 70 25.63216781616211 1.5180108920926967 0.12666692576386648 0.37595099256626585 0.9972154337583479 0.22214575863032524 0.0846456631811573 NonVar 0.71 1.0 0.04614348362785881
"" zr 806203100066397 5.1337309 59.3426606 2 nan nan nan nan nan nan nan nan nan nan nan
"" zr 1809211300070418 5.1364781 59.2663219 1 nan nan nan nan nan nan nan nan nan nan nan
1610 zr 806203100023646 4.9752654 59.2967792 701 40.65336227416992 1.4426836614579417 0.015752844010246837 0.375297771325301 0.9973615362352404 0.062456669686122505 0.0009541435417392886 NonVar 0.25 1.0 0.3752909535400826
1612 zr 1809211300041790 5.1113254 59.3496654 0 nan nan nan nan nan nan nan nan nan nan nan
"" zr 1809211300062356 5.1160829 59.2592689 0 nan nan nan nan nan nan nan nan nan nan nan
"" zr 806203400061564 5.008785 59.2657723 0 nan nan nan nan nan nan nan nan nan nan nan
1614 zr 1809211300042325 5.1666409 59.3169127 0 nan nan nan nan nan nan nan nan nan nan nan
1615 zr 806203100023440 5.1700187 59.305343 9 nan nan nan nan nan nan nan nan nan nan nan
1616 zr 1809211300066740 4.9760866 59.2938486 11 8.73375415802002 1.0231532565009442 0.025232706347279272 0.10603702374350177 0.9972614102042049 0.9018105780229936 0.6609899530960739 DSCT 0.55 1.0 0.1555646897906822
1617 zr 806203100022538 5.1572999 59.3286737 425 21.641822814941406 1.3586759942011 0.0011433815811534823 0.5343072148420677 0.9972794600314014 0.11337637638984784 0.00574208831398241 RRL_ab 0.81 1.0 0.5342934319450235
1613 zr 1809211300054250 4.9769338 59.31602 7 nan nan nan nan nan nan nan nan nan nan nan
1616 zr 806203100060477 4.9760192 59.2938865 178 17.664785385131836 1.6494956684901703 0.0039326788162020445 0.10800167757545658 0.9973052680316117 0.21797646702931686 0.02084708432437887 NonVar 0.48 1.0 0.03579040848668929
"" zr 1809211300070319 5.1646661 59.2874307 0 nan nan nan nan nan nan nan nan nan nan nan
1615 zr 1809211300054426 5.1701083 59.3053822 1 nan nan nan nan nan nan nan nan nan nan nan
1617 zr 1809211300006581 5.1573756 59.328701 47 18.006187438964844 1.5177948164793889 0.09765676635834071 0.11023872903295692 0.9973820334436908 0.32235364528171295 0.010313834008495079 DSCT 0.61 1.0 0.0408500852840587
1620 zr 1809211300054395 4.9739326 59.3033409 54 32.610008239746094 3.441406025569066 1.8095007146572405e-07 331.3101197315572 0.9972164461363069 0.5729988668996687 0.9361451235934661 NonVar 0.47 1.0 0.03706792550520493
1620 zr 806203100063286 4.9739269 59.3034027 563 30.735305786132812 3.095779800005891 8.82726368403767e-17 0.9996295086719935 0.9972835566616055 0.27206024931027306 0.562535771675275 CEPH_F 0.38 1.0 0.9996227838473649
1613 zr 806203100043459 4.9768446 59.3160714 116 15.270256996154785 2.0175377923763844 0.005121418069564537 1.787990956565067 0.997319096413394 0.30571982403417214 0.03058352847469753 DSCT 0.82 1.0 0.06532950722083446
"" zr 1809211300043405 5.0833484 59.2541046 0 nan nan nan nan nan nan nan nan nan nan nan
1623 zr 1809211300008259 4.9780848 59.2894342 31 11.93884563446045 1.2589516599976194 0.0006502696615305683 1.0288835118381092 0.9973809881357829 0.6222080279515712 0.21364153101768213 CEPH_Other 0.43 1.0 1.0286783404306195
"" zr 1809211300066535 5.1542982 59.3313203 0 nan nan nan nan nan nan nan nan nan nan nan
1618 zr 1809211300070471 5.0701198 59.2537742 1 nan nan nan nan nan nan nan nan nan nan nan
1619 zr 1809211300005361 5.0708094 59.354027 73 23.6622371673584 1.3773027957593484 0.0062596136609926 0.1965235389843114 0.9971521581194235 0.28929123105104404 0.16691287262943905 EB_ESD 0.5 1.0 0.38735272915451446
1624 zr 1809211300005434 5.0947407 59.3526812 81 89.34400939941406 1.3202385534670975 0.4919730767841398 0.32450313432658345 0.9972164461363069 0.15767202703625643 0.024144495187945085 NonVar 0.72 1.0 0.03070136231326061
1625 zr 1809211300066906 5.0132698 59.2637246 0 nan nan nan nan nan nan nan nan nan nan nan
1623 zr 806203100060536 4.9780072 59.2894504 334 41.75351333618164 5.021792576940039 7.76069516558053e-05 0.10428536216324513 0.9972813183811868 0.15474122214441585 0.021790694526813845 NonVar 0.43 1.0 0.04223498501118077
1619 zr 806203100021543 5.0707941 59.3540425 687 36.699920654296875 1.3382761651713075 0.05219771590341965 0.3527230122753716 0.9973493234494499 0.05670257986397361 0.001684251077076345 NonVar 0.63 1.0 0.03045564770744347
1624 zr 806203100051598 5.0947237 59.3526989 930 184.9132843017578 1.9139251474067016 0.07247841215163779 0.35371278703873144 0.9973493234494499 0.04465682179905944 0.00013040592744895314 EB_ED 0.58 1.0 0.042584041671266844
"" zr 806203400058908 5.1330708 59.2645768 0 nan nan nan nan nan nan nan nan nan nan nan
1626 zr 1809211300054949 5.0213396 59.260938 2 nan nan nan nan nan nan nan nan nan nan nan
1627 zr 806203400000083 5.1210958 59.2604148 556 2878.861083984375 25.57491037266988 0.9999975314742537 0.9942642836081949 0.9999866996793741 0.0372010119273072 0.1531968645348496 EB_ED 0.51 1.0 0.9941178676546412
1628 zr 1809211300054238 4.9771715 59.3170131 0 nan nan nan nan nan nan nan nan nan nan nan
1627 zr 1809211300009660 5.1211119 59.2603944 81 575.42919921875 3.2894758835090436 0.44023154678263704 1.1788945633438555 0.9972164461363069 0.16103882221140844 0.04855000203821987 NonVar 0.82 1.0 0.03319877076508843
1621 zr 1809211300073336 4.9852458 59.3274705 2 nan nan nan nan nan nan nan nan nan nan nan
"" zr 1809211300054789 5.1533892 59.2756163 1 nan nan nan nan nan nan nan nan nan nan nan
1626 zr 806203400000052 5.0209165 59.2609716 6 nan nan nan nan nan nan nan nan nan nan nan
1630 zr 1809211300006414 4.9876923 59.3298172 78 1032.429931640625 4.098337246956591 0.6314957662116516 5.326393626720442 0.9972164461363069 0.14906354435119668 0.0037592872794860732 NonVar 0.77 1.0 0.03794131717997642
1629 zr 806203100023509 5.1705494 59.3032198 486 23.80745506286621 1.5613940873584806 0.00035528409045658605 1.0028195331508982 0.9973615362352404 0.10607828087199447 0.022144842561519454 NonVar 0.54 1.0 0.031526100336705914
1630 zr 806203100022420 4.9876851 59.3298252 930 1338.412841796875 3.717321897461259 9.402558897223027e-08 0.4994384343050958 0.9973493234494499 0.09643004407983208 0.25808770465833636 NonVar 0.81 0.0 1928.588663250004
"" zr 1809211300066867 5.1497857 59.2730231 3 nan nan nan nan nan nan nan nan nan nan nan
1622 zr 1809211300054394 4.9735819 59.3041508 5 nan nan nan nan nan nan nan nan nan nan nan
