t_zr_0518.ecsv
# %ECSV 1.0
# ---
# datatype:
# - {name: SourceID, datatype: int32}
# - {name: filter, datatype: string}
# - {name: OID, datatype: string}
# - {name: RA, datatype: float64}
# - {name: DEC, datatype: float64}
# - {name: numobs, datatype: int32}
# - {name: DELTA_SIG_MAG, datatype: float64}
# - {name: CONST_CHI2, datatype: float64}
# - {name: LNP_SIG, datatype: float64}
# - {name: period, datatype: float64}
# - {name: period_c, datatype: float64}
# - {name: power, datatype: float64}
# - {name: power_c, datatype: float64}
# - {name: upsilon_class, datatype: string}
# - {name: upsilon_prob, datatype: float64}
# - {name: upsilon_flag, datatype: float64}
# - {name: upsilon_period, datatype: float64}
# schema: astropy-2.0
SourceID filter OID RA DEC numobs DELTA_SIG_MAG CONST_CHI2 LNP_SIG period period_c power power_c upsilon_class upsilon_prob upsilon_flag upsilon_period
[from data line 976]
547 zr 806203100051867 5.0923509 59.3267305 111 12.59618091583252 1.5617043735781284 0.004578644645370151 0.27695048142576756 0.9973052680316117 0.2984107496863615 0.04034780256617144 RRL_e 0.52 1.0 0.2769453110456232
545 zr 1809211300075558 5.0996488 59.2831363 25 13.037798881530762 1.3898285110715227 0.0004878098055219037 0.13406374800743565 0.9974506285017827 0.7156928318038054 0.10028386127705148 DSCT 0.69 1.0 0.03944027559941026
544 zr 806203100051917 5.035707 59.3207514 77 13.122547149658203 1.4997475866552212 0.023788378317219926 0.14742897644963743 0.9972768194918737 0.4005781746744706 0.015126136900994226 DSCT 0.86 1.0 0.06790664313911667
547 zr 1809211300054139 5.0923304 59.3267496 9 nan nan nan nan nan nan nan nan nan nan nan
548 zr 1809211300075511 5.0375907 59.3218381 13 11.80260181427002 1.731184334955704 0.530450979592702 0.372120129672564 0.9974608080189006 0.6405491452204863 0.5949347627420777 DSCT 0.54 1.0 0.09058122883383722
541 zr 1809211300042111 5.083159 59.3283943 4 nan nan nan nan nan nan nan nan nan nan nan
6451 zr 1809211300054743 5.0707974 59.2787485 0 nan nan nan nan nan nan nan nan nan nan nan
549 zr 1809211300006977 5.111371 59.3191662 81 196.39366149902344 2.173203312833881 0.14629346159144158 0.3889976937428251 0.9972164461363069 0.1887526024358638 0.02300882976869625 NonVar 0.63 1.0 0.050727650910406534
549 zr 806203100022901 5.1113544 59.3191776 922 249.1099853515625 3.6775635990674305 0.5315078709547285 0.10206325160202374 0.9973493234494499 0.03521485273659982 0.0004264054255258383 NonVar 0.91 1.0 0.09260929955582252
6452 zr 1809211300062195 5.0479837 59.2818617 0 nan nan nan nan nan nan nan nan nan nan nan
550 zr 1809211300006689 5.0426989 59.3241913 81 181.87867736816406 1.8343441953846298 0.17482068899010486 0.10824366652591753 0.9972164461363069 0.18472622527992713 0.003914980605612613 NonVar 0.5 1.0 0.08169451516471335
550 zr 806203100022656 5.0426791 59.3242166 927 276.91180419921875 1.963784151276599 0.1494107121899729 0.10126741125594521 0.9973493234494499 0.04143436691770203 0.0019068939497324435 NonVar 0.62 1.0 0.04024894688155445
551 zr 1809211300062178 5.0429982 59.2833716 13 21.017366409301758 5.171858009268197 0.0008369255984984471 0.18475940466760396 1.0000419631922797 0.9069297657219707 0.5159171052173138 DSCT 0.6 1.0 0.057958561399107836
552 zr 1809211300070302 5.1121504 59.2889456 59 33.54716491699219 2.492065837228919 0.19243186498526232 0.11036649015605438 0.9974603843751442 0.24580704023343547 0.016157950639079554 DSCT 0.7 1.0 0.07099872539442399
6453 zr 1809211300054737 5.0635177 59.2788927 4 nan nan nan nan nan nan nan nan nan nan nan
6454 zr 1809211300062228 5.0857291 59.2794882 8 nan nan nan nan nan nan nan nan nan nan nan
553 zr 1809211300042480 5.0223052 59.3046406 55 15.511680603027344 1.3057477041823087 0.015201051460726542 0.10713782902962705 0.9974603843751442 0.3343037125052415 0.0022630374075856773 DSCT 0.62 1.0 0.10713774232368523
553 zr 806203100056996 5.0222854 59.3046651 513 52.05475997924805 3.5464003316953887 0.00016866508392944513 0.36200150994611086 0.9972794600314014 0.1107767515991911 0.0007997559210312393 RRL_c 0.28 1.0 0.3620088035274203
555 zr 806203100052244 5.0289451 59.2910869 25 21.687755584716797 8.202531423221558 0.0002964230529495497 0.13736310261328372 0.9972234168786192 0.9219416473501416 0.21206476066219093 RRL_c 0.38 1.0 0.3351020033001423
556 zr 1809211300054460 5.0226111 59.3004308 81 78.21417236328125 2.477800889314807 0.041766928969987835 2.244872737874768 0.9972164461363069 0.2179207824610567 0.0058327302687448575 DSCT 0.89 1.0 0.06855610253281813
556 zr 806203100052148 5.0225856 59.3004428 876 170.75868225097656 3.9175837314189037 0.050232852411908446 0.21499917344735955 0.9973493234494499 0.049732733304595746 0.0004097101838855216 NonVar 0.53 1.0 0.033484767401382114
554 zr 1809211300008261 5.0297837 59.2902945 68 25.175060272216797 1.3981187263935981 0.03277462015045085 0.15014183384816096 0.9972154337583479 0.2609673461799742 0.009951408676557484 DSCT 0.62 1.0 0.15013539317925653
557 zr 1809211300062151 5.0381316 59.285161 0 nan nan nan nan nan nan nan nan nan nan nan
554 zr 806203100052262 5.029766 59.2902895 650 28.636903762817383 1.3051121731992514 0.07849149674591972 2.54738868539519 0.9973509924032099 0.05732749393726793 0.006276074740482604 NonVar 0.53 1.0 0.043256727681369296
558 zr 806203100060483 5.1187004 59.294659 195 165.75152587890625 25.973559768256063 4.746842977776894e-09 0.9972064663223588 0.9973615362352404 0.39481264409076455 0.9420962870560038 RRL_c 0.36 1.0 0.25778626993569176
559 zr 1809211300008745 5.0905244 59.280149 81 147.4626007080078 2.2356013829298274 0.1566397320544237 0.21438890306805394 0.9972164461363069 0.18720792207173284 0.0701726349201523 NonVar 0.64 1.0 0.03642013651579358
560 zr 1809211300075539 5.1199175 59.2962798 5 nan nan nan nan nan nan nan nan nan nan nan
6455 zr 1809211300054167 5.0394481 59.3233286 0 nan nan nan nan nan nan nan nan nan nan nan
561 zr 1809211300070057 5.0674657 59.3293873 20 11.34228801727295 1.8281287651344185 0.006422302068627215 0.14200787137714171 0.9973820334436908 0.7216133042156607 0.3308073837968735 DSCT 0.58 1.0 0.03320541580261546
561 zr 806203100056830 5.0675285 59.3293976 204 27.963294982910156 2.2825738789052386 0.00023824544480037144 0.5079113900029641 0.997295718081664 0.23640955394453464 0.2004401970814677 DSCT 0.58 1.0 0.07640088266589277
6456 zr 1809211300054570 5.118355 59.2939669 42 398.1756896972656 73.13911977299433 0.0015831036238201045 1.0349002906778526 0.9971521581194235 0.46610958518498846 0.36330189630967175 DSCT 0.53 1.0 0.04859796850652857
548 zr 806203100066668 5.0367739 59.322121 59 22.305347442626953 2.7347034405406516 0.002325429079870083 0.25084651330631574 0.9972486296199936 0.5082583202319486 0.15308812766919958 DSCT 0.47 1.0 0.03445723983500123
562 zr 1809211300061778 5.0994094 59.3253969 0 nan nan nan nan nan nan nan nan nan nan nan
6457 zr 806203100043300 5.0986297 59.3256595 2 nan nan nan nan nan nan nan nan nan nan nan
558 zr 1809211300066753 5.1190285 59.2946788 27 94.47024536132812 12.859328773978481 0.001948237221284037 1.0438691904156743 0.9973799428278715 0.6407082480486828 0.18403915135868776 DSCT 0.48 1.0 0.035598887424108286
563 zr 1809211300054720 5.0958408 59.2811635 39 29.459346771240234 2.1247893194778626 0.2892847903870386 0.10853948532256442 0.9974593581424667 0.3205432301894662 0.04045357259873379 DSCT 0.52 1.0 0.0467148869636315
564 zr 1809211300042091 5.0806325 59.329322 74 41.67078399658203 1.93951994836409 0.32718118581519473 0.3620898026491621 0.9972154337583479 0.18377249786035998 0.07100970468187552 RRL_e 0.61 1.0 0.26564949880311295
565 zr 1809211300054417 5.1225926 59.3048979 0 nan nan nan nan nan nan nan nan nan nan nan
6458 zr 1809211300076902 5.0662727 59.2782524 0 nan nan nan nan nan nan nan nan nan nan nan
564 zr 806203100056825 5.0806308 59.3293333 778 46.708839416503906 1.6783078110367584 0.006776369603807705 0.20575751010303192 0.9973493234494499 0.06107205381150905 0.01488100136336444 NonVar 0.26 1.0 0.243554797404812
566 zr 806203100066871 5.1197068 59.2952131 61 45.84345626831055 6.423263677938951 0.015449907458391289 0.18683378365258194 0.9972078160591388 0.5363372423894301 0.28482089408945777 EB_ESD 0.42 1.0 0.18683392086051603
567 zr 806203100023037 5.1171872 59.3155871 225 28.292484283447266 3.0982493999176732 0.00021325236114744695 1.0351811914606845 0.9972848789837913 0.20553918246682848 0.0812224156847671 DSCT 0.71 1.0 0.07070492296227722
566 zr 1809211300077215 5.1198437 59.2952331 4 nan nan nan nan nan nan nan nan nan nan nan
570 zr 806203100065462 5.1145053 59.2897153 768 211.1204833984375 14.013693486956278 6.477660830218425e-05 384.61661844460883 0.9973493234494499 0.08659436838934226 0.5419980565090868 CEPH_Other 0.35 1.0 1.0321587708054611
567 zr 1809211300007150 5.1174277 59.3155613 20 13.551664352416992 1.801572546084009 0.03891078538036854 0.11819622038191623 1.0001659648160228 0.630030088410394 0.011586337616580532 DSCT 0.41 1.0 0.04010209199179301
570 zr 1809211300054620 5.114492 59.2896351 76 175.7113037109375 11.731822052927233 0.00019930845110196688 29.712562126147365 0.9972164461363069 0.3369357058804077 0.4523556541112526 RRL_c 0.36 1.0 0.34128710704766585
573 zr 1809211300054715 5.0460596 59.2816244 7 nan nan nan nan nan nan nan nan nan nan nan
575 zr 806203100043548 5.0234172 59.311392 831 96.56437683105469 1.5168994680774102 0.015754516152037285 0.12206478072122745 0.9973493234494499 0.05593855622850741 0.005547165801861397 NonVar 0.57 1.0 0.046770672080756734
575 zr 1809211300042370 5.0234175 59.3113986 77 75.0147705078125 1.5047421091343025 0.923998899196074 0.7428806218288708 0.9972164461363069 0.13500907144930904 0.007837284321538397 EB_ED 0.74 1.0 0.03185585809252685
6459 zr 1809211300076097 5.0971024 59.2812934 5 nan nan nan nan nan nan nan nan nan nan nan
569 zr 1809211300042100 5.0558038 59.328537 0 nan nan nan nan nan nan nan nan nan nan nan
565 zr 806203100057001 5.1229882 59.3049989 3 nan nan nan nan nan nan nan nan nan nan nan
6460 zr 1809211300077160 5.0894561 59.2794222 7 nan nan nan nan nan nan nan nan nan nan nan
571 zr 806203100056829 5.0773354 59.3297838 31 9.961837768554688 1.5633746787610217 0.0024671312100215956 0.14215923529240104 0.997374984456907 0.8086237289195656 0.0009975099074503286 RRL_c 0.51 1.0 0.3315407782816437
576 zr 806203100063298 5.1230249 59.3022225 758 36.70804214477539 1.2509154131708597 0.07655069157821712 0.2006706889988989 0.9973493234494499 0.05198385565500528 0.015729445203511994 NonVar 0.83 1.0 0.0650067805932419
572 zr 1809211300062030 5.1220858 59.2986501 7 nan nan nan nan nan nan nan nan nan nan nan
568 zr 1809211300061949 5.1229266 59.3062501 1 nan nan nan nan nan nan nan nan nan nan nan
577 zr 1809211300042545 5.0212906 59.3011374 78 42.979122161865234 2.1291869165194104 1.101971246384012e-07 600.0 0.9971521581194235 0.4509009635804067 0.416502613848212 LPV_Mira_AGB_C 0.3 1.0 664.3099304999923
577 zr 806203100052140 5.0212644 59.3011632 824 56.92966842651367 3.8707132080575457 9.5681725820532e-79 505.6186882909485 0.9973493234494499 0.5979013331667724 0.18693531922921217 LPV_SRV_AGB_O 0.4 0.0 551.025332357144
578 zr 1809211300076683 5.1172074 59.2916616 50 109.7045669555664 7.042015240065248 0.0001956280913666838 0.1665226316225179 0.9971521581194235 0.4568635682990435 0.44092532407574203 DSCT 0.61 1.0 0.043499979078675456
576 zr 1809211300066711 5.1230804 59.3022443 71 35.2393684387207 1.8767708219604708 0.7552347728065019 0.1857582339237726 0.9971521581194235 0.16054434501189238 0.023862468009873242 DSCT 0.46 1.0 0.07018594088747938
6461 zr 1809211300073475 5.0619692 59.2783154 4 nan nan nan nan nan nan nan nan nan nan nan
572 zr 806203100066870 5.1221566 59.2986726 158 26.025936126708984 3.6343479143026767 0.0005978235810599498 0.9944800998998389 0.9972851365332608 0.2685976738202157 0.19375775991951505 RRL_c 0.46 1.0 0.36780670070314
569 zr 806203100056833 5.0554639 59.328581 3 nan nan nan nan nan nan nan nan nan nan nan
6462 zr 1809211300070192 5.1226666 59.3080267 0 nan nan nan nan nan nan nan nan nan nan nan
6463 zr 1809211300062229 5.0867672 59.2788329 1 nan nan nan nan nan nan nan nan nan nan nan
578 zr 806203100060525 5.1174196 59.2917147 450 108.74711608886719 7.7476741529628885 0.003382724507838796 0.5041461062298302 0.9973482480490525 0.10631283564995311 0.005578646925828917 DSCT 0.59 1.0 0.07824407843728072
579 zr 1809211300008326 5.0302816 59.2887449 44 15.338513374328613 1.153764759021507 0.08252614016110983 0.24599219021091162 1.0002800332067725 0.3447516820404557 0.19699373859039285 NonVar 0.56 1.0 0.03822938238483153
579 zr 806203100060557 5.0302533 59.2887648 418 21.041793823242188 1.238402390156919 0.0037893795753107737 29.392793251181875 0.9973984985065526 0.10211931900922613 0.033469548142536484 NonVar 0.82 1.0 1.0350440782238095
6464 zr 1809211300070145 5.119055 59.3143944 0 nan nan nan nan nan nan nan nan nan nan nan
581 zr 1809211300061754 5.05093 59.3277386 81 281.6914367675781 2.745865074809595 0.08277986789881389 0.2639532909701595 0.9972164461363069 0.20123603634697734 0.025707032510440427 NonVar 0.55 1.0 0.04099942402327491
6465 zr 1809211300070095 5.0358881 59.3224505 1 nan nan nan nan nan nan nan nan nan nan nan
6466 zr 806203100060283 5.0845188 59.3293009 3 nan nan nan nan nan nan nan nan nan nan nan
582 zr 1809211300054492 5.1227678 59.2997741 6 nan nan nan nan nan nan nan nan nan nan nan
581 zr 806203100043253 5.0508924 59.3277641 930 343.3512268066406 2.5715891924134184 0.21324565492745048 0.11781011813248897 0.9973493234494499 0.039688072289037604 0.003945323440819108 NonVar 0.71 1.0 0.04319637743297431
583 zr 806203100056899 5.1160893 59.3174128 18 nan nan nan nan nan nan nan nan nan nan nan
584 zr 806203100057038 5.1231287 59.3009256 20 10.254782676696777 1.6615970681297911 0.005726452453854412 0.12740168039932384 0.11541356823824146 0.9504208226454689 0.4076967853210848 DSCT 0.68 1.0 0.050523235580106296
574 zr 1809211300076089 5.1188446 59.2930303 66 180.39376831054688 12.075149654090481 0.0053928764441749715 0.22981680456170012 0.9999109758774701 0.3091777142821109 0.0009171816849216244 DSCT 0.67 1.0 0.04742862516917178
6467 zr 1809211300042096 5.0863022 59.3291229 0 nan nan nan nan nan nan nan nan nan nan nan
580 zr 806203100043328 5.0381883 59.32365 112 12.670848846435547 1.573907592796084 0.00022672228082374913 0.12111885976837752 0.9972879580472485 0.385526137852584 0.03915356836935928 DSCT 0.94 1.0 0.08307063049129693
582 zr 806203100063312 5.1229432 59.2997279 67 12.635622024536133 1.8784134018973624 0.005115132473027343 0.17462987667573984 0.9973547957898328 0.4713640742231376 0.03440230789129403 DSCT 0.82 1.0 0.05348313890444996
586 zr 1809211300007392 5.0215115 59.3089385 45 17.0107364654541 1.36511284423158 0.026384498948116855 0.1281669359842595 0.9974593581424667 0.3763629507998311 0.1266697194059997 DSCT 0.59 1.0 0.034704285215507884
587 zr 1809211300066626 5.0248061 59.3143654 1 nan nan nan nan nan nan nan nan nan nan nan
586 zr 806203100043585 5.0214808 59.3089555 394 21.47130584716797 1.362517611598326 0.015132756200322913 0.10518532752525749 0.9973096998133303 0.09436239562822263 0.0021478021787650525 EB_ED 0.43 1.0 2.0584642674267055
574 zr 806203100052232 5.119107 59.2930835 654 309.6592712402344 23.844189372280187 1.2002794583585844e-05 362.68168647818857 0.9973509924032099 0.10678719504707729 0.532383190585804 NonVar 0.54 1.0 0.06156387432380571
589 zr 1809211300054760 5.0753772 59.2776026 75 68.03141021728516 2.6084518316696848 0.2584580052219331 0.1017201842197314 0.9972164461363069 0.1863538265969795 0.03202442192438575 RRL_e 0.42 1.0 0.26323429367463774
6468 zr 806203100064586 5.0483805 59.3273034 16 11.500181198120117 2.0829923243134116 0.0010952321483438734 2.2589569197614385 0.9972242081356543 0.9171133331718289 0.19189832476089264 DSCT 0.77 1.0 0.04200164546668379
592 zr 1809211300042978 5.0828736 59.2780867 60 19.387826919555664 1.6725029349195941 0.3030920421031356 0.1286325425378804 0.999850397134582 0.22866084760545258 0.05364530084979213 DSCT 0.51 1.0 0.03137837917909366
590 zr 806203100063197 5.0402822 59.3247033 93 15.807238578796387 2.2796279071416086 0.016550517532580692 0.10198352307257097 0.9973685800942312 0.36193435644719535 0.0788022317500759 DSCT 0.61 1.0 0.03490395078114251
580 zr 1809211300066567 5.0381362 59.3238057 6 nan nan nan nan nan nan nan nan nan nan nan
593 zr 806203100060287 5.0534352 59.3285286 38 35.133628845214844 24.281607916264512 9.147441890392987e-05 0.2011491786368129 0.9972476436033947 0.8500793658148844 0.5386291827738171 DSCT 0.48 1.0 0.05177701121396156
593 zr 1809211300074687 5.0531304 59.3284776 1 nan nan nan nan nan nan nan nan nan nan nan
