t_zr_0621.ecsv
# %ECSV 1.0
# ---
# datatype:
# - {name: SourceID, datatype: int32}
# - {name: filter, datatype: string}
# - {name: OID, datatype: string}
# - {name: RA, datatype: float64}
# - {name: DEC, datatype: float64}
# - {name: numobs, datatype: int32}
# - {name: DELTA_SIG_MAG, datatype: float64}
# - {name: CONST_CHI2, datatype: float64}
# - {name: sf, datatype: float64}
# - {name: LNP_SIG, datatype: float64}
# - {name: period, datatype: float64}
# - {name: period_c, datatype: float64}
# - {name: power, datatype: float64}
# - {name: power_c, datatype: float64}
# - {name: upsilon_class, datatype: string}
# - {name: upsilon_prob, datatype: float64}
# - {name: upsilon_flag, datatype: float64}
# - {name: upsilon_period, datatype: float64}
# schema: astropy-2.0
SourceID filter OID RA DEC numobs DELTA_SIG_MAG CONST_CHI2 sf LNP_SIG period period_c power power_c upsilon_class upsilon_prob upsilon_flag upsilon_period
[from data line 2002]
1094 zr 1809211300042506 4.9965225 59.3022089 51 24.509624481201172 1.6923871667084869 0.0013388258044497309 0.02725816659457186 0.49721959152175477 2800.0 0.32976202856075304 0.13662157057160146 RRL_ab 0.3 1.0 0.4971562844131113
1092 zr 1809211300009177 5.1116237 59.270985 61 23.517545700073242 2.3602975681178524 6.914885546780292e-09 0.1251329598233587 2.452801163063316 2800.0 0.2445638422751191 0.022669292883538705 DSCT 0.78 1.0 0.0834245799949758
2485 zr 1809211300076101 5.1199036 59.2739831 0 nan nan nan nan nan nan nan nan nan nan nan nan
1093 zr 1809211300066607 5.001044 59.3172322 1 nan nan nan nan nan nan nan nan nan nan nan nan
2486 zr 1809211300043040 5.1227709 59.2751894 0 nan nan nan nan nan nan nan nan nan nan nan nan
1094 zr 806203100066407 4.9964334 59.3022171 474 24.060304641723633 1.9092206070862634 6.190848997653188e-19 0.0007785622800887203 1.0349708683227556 0.9972989945018407 0.0987282651418122 0.026716939696433035 DSCT 0.5 1.0 0.15251419718893103
1097 zr 806203100022666 5.1355362 59.3250451 9 nan nan nan nan nan nan nan nan nan nan nan nan
1095 zr 1809211300041899 5.0794112 59.3423901 26 17.124359130859375 3.0379157110943797 3.001943393985337e-07 0.03497764831042657 0.24247141365726824 2800.0 0.5372230702533424 0.03749029950018424 DSCT 0.79 1.0 0.04451216835403716
1090 zr 1809211300054901 5.0737258 59.2652124 2 nan nan nan nan nan nan nan nan nan nan nan nan
1098 zr 1809211300054891 5.0665654 59.2652812 14 11.037075996398926 1.6814416780201393 0.057589488376433816 0.03977173609205375 1.468676666128787 2800.0 0.7959466844800849 0.11938064264448273 NonVar 0.42 1.0 0.03547219739278399
1095 zr 806203100021980 5.0792221 59.3424426 249 16.5323429107666 1.5478448245049305 1.5186901531236625e-05 0.010273451997580648 0.5078864148607692 0.9973297192397729 0.14527799953942583 0.12845822106335897 DSCT 0.61 1.0 0.0491187685834062
1097 zr 1809211300054172 5.1357564 59.3250409 0 nan nan nan nan nan nan nan nan nan nan nan nan
1100 zr 806203400051340 5.06223 59.2654428 55 10.577116966247559 0.7236580476046187 0.9025139891677998 0.0216606153537818 0.18035467645055284 0.9973469769214015 0.41183292292241036 0.04780301038432348 DSCT 0.46 1.0 0.030572351346089262
1101 zr 806203100043381 5.0030868 59.3201697 395 24.22317123413086 1.5626890233804929 2.801686462335091e-08 0.0021723098297448283 0.1174256783655535 0.9973081254560272 0.10601306989496401 0.0017164206964967522 DSCT 0.49 1.0 0.11742410808443957
1102 zr 806203100056953 4.9969876 59.3099279 96 21.89427947998047 3.099852442794426 4.194518283468789e-13 0.000792110256548039 1.0351174045214435 0.9972357718299456 0.42191863867573903 0.22311297099076277 NonVar 0.56 1.0 0.03702953833197319
1099 zr 806203100022734 5.1377324 59.3234671 123 31.71014976501465 5.624127176715152 1.3285144305385683e-46 1.5990151756715156e-05 1.0351740299892995 0.9973469769214015 0.4094962981124008 0.3080889356767118 EB_EC 0.28 1.0 29.350868323846285
1101 zr 1809211300054199 5.0030345 59.3201663 44 17.76589012145996 2.0189155139300183 8.650103626073322e-05 0.0006879299522504712 0.2539546262838192 2800.0 0.4894421496251982 0.013139340162296316 DSCT 0.62 1.0 0.03126441053773563
1096 zr 1809211300009235 5.1069534 59.2693707 5 nan nan nan nan nan nan nan nan nan nan nan nan
1104 zr 1809211300054183 5.0038717 59.3211655 2 nan nan nan nan nan nan nan nan nan nan nan nan
1103 zr 1809211300005899 5.05906 59.342187 77 977.3825073242188 5.4963404583313915 3.9094127092026415e-54 0.9384518680977333 0.1171997104948528 2800.0 0.12565919009877619 0.021936253038782095 NonVar 0.68 1.0 0.046173929187614586
1103 zr 806203100021981 5.059047 59.3422008 869 1387.3529052734375 3.9587730602964646 1.1894570895927036e-174 0.00510665116591973 0.9988130084427033 0.9973636584210107 0.05349877608968973 0.24857348702186594 EB_ED 0.73 1.0 824.7943819800013
1105 zr 1809211300066527 5.0166205 59.3305677 3 nan nan nan nan nan nan nan nan nan nan nan nan
1100 zr 1809211300009386 5.062294 59.2653122 20 14.10198974609375 1.7949408706038226 0.017865899418585823 0.01380719223548112 0.16676229840328696 2800.0 0.6947010328488653 0.14968672867514105 EB_EC 0.47 1.0 0.05361773424515239
1106 zr 806203100056952 4.9970254 59.3106688 131 15.362024307250977 2.0288158049339278 5.806952993927715e-07 0.04463020786700082 0.11056180425901795 0.9972683213692667 0.2387098766029707 0.05066146921009896 DSCT 0.46 1.0 0.04186730607191435
1106 zr 1809211300061895 4.9969905 59.310605 15 14.070802688598633 2.1168312777436147 0.008563408696810397 0.2846577872962377 0.15513562848003706 2800.0 0.6533825876299454 0.3344396891548761 NonVar 0.5 1.0 0.07355608735483071
2487 zr 1809211300041942 5.038217 59.3387618 0 nan nan nan nan nan nan nan nan nan nan nan nan
1107 zr 806203100063318 4.9971932 59.2966008 15 nan nan nan nan nan nan nan nan nan nan nan nan
1108 zr 1809211300061682 5.0284559 59.3358193 76 183.10797119140625 6.484345358598967 7.880040096032095e-68 0.1401331151477045 0.1388249062226979 2800.0 0.1934806412617738 0.16633387839203342 NonVar 0.49 1.0 0.030255646749971422
1105 zr 806203100063175 5.0164212 59.3305139 22 11.32774543762207 2.0376293643001784 0.03144163746037702 0.004882539900946668 0.1543241531007344 0.9971249852099218 0.9574475800645299 0.09463317613459046 DSCT 0.51 1.0 0.030328077251506734
1108 zr 806203100056766 5.0284296 59.3358461 798 209.359130859375 5.266697146555229 2.4177000849439782e-260 0.010716148720232828 0.1155748101464882 0.9973636584210107 0.05503197197471065 0.006856109211397511 NonVar 0.57 1.0 0.03551107283005551
2488 zr 806203100066225 5.0559811 59.3419743 78 10.522007942199707 1.0255708688211258 0.4240261921298989 0.008071861896707451 0.17068181915743713 0.9973711906737364 0.3893121802692701 0.05409123882685986 RRL_c 0.52 1.0 0.4617942923391098
1102 zr 1809211300070162 4.9966514 59.3098598 0 nan nan nan nan nan nan nan nan nan nan nan nan
1109 zr 1809211300054013 5.0297964 59.3363338 76 98.70918273925781 1.7927838615587084 1.2538608113757178e-05 0.06397708043631108 0.14965510390437434 2800.0 0.2108607610557544 0.03321069339748399 NonVar 0.56 1.0 0.030255646749971422
1109 zr 806203100051743 5.0297585 59.3363461 846 268.8641357421875 3.696203255825566 8.545679066403566e-145 0.015949247876845075 0.21994196796637497 0.9973636584210107 0.051665197707849234 0.00036574223756767404 RRL_ab 0.35 1.0 0.5947464536919537
1111 zr 806203100042989 5.0664918 59.342774 233 20.43744468688965 2.307483946814443 3.14840225231891e-17 0.00010246460891522464 0.3333421769998987 0.9973377404608922 0.20547876127164116 0.13702251746525826 LPV_SRV_AGB_O 0.65 1.0 119.51739909375057
1110 zr 1809211300042847 5.1406896 59.286728 53 26.359886169433594 3.063115717564298 1.9232518910487258e-13 0.0008925652467332837 0.24978093037361432 2800.0 0.40533342286037305 0.33739663780448464 DSCT 0.57 1.0 0.19986506641152713
1107 zr 1809211300066729 4.9969742 59.2966429 0 nan nan nan nan nan nan nan nan nan nan nan nan
1112 zr 806203100051725 5.034456 59.3378661 5 nan nan nan nan nan nan nan nan nan nan nan nan
1113 zr 1809211300066465 5.0780536 59.3428032 2 nan nan nan nan nan nan nan nan nan nan nan nan
1111 zr 1809211300041896 5.0664747 59.3428277 23 12.532065391540527 1.4725202695437167 0.07089960865462012 0.03927900855482949 0.11688415379072338 2800.0 0.5925773730812112 0.021811052971521798 DSCT 0.84 1.0 0.06721713267156508
1114 zr 1809211300042827 5.1417909 59.2878015 39 16.089691162109375 1.9149230194017257 0.00043831211608636226 0.0018990706293126511 0.1855712745527702 2800.0 0.4870810953120349 0.14134226419305446 DSCT 0.61 1.0 0.18557309072164813
1115 zr 1809211300006459 5.0137729 59.3292046 15 13.908124923706055 1.6034828351915043 0.06421161283356154 0.12510982220806677 0.1683392718948421 2800.0 0.6831574896687623 0.13295729463437136 EB_ESD 0.31 1.0 0.03706286831706213
2489 zr 1809211300054845 5.0374749 59.2690337 16 10.053247451782227 0.9882524860218105 0.4641831264266928 0.0026031741171239943 0.11593230773444793 2800.0 0.8363298020299693 0.31892860107387033 DSCT 0.29 1.0 0.045723899011059006
1116 zr 806203100023233 5.1473719 59.3110407 857 645.9528198242188 4.853013646694459 2.164730791343393e-237 0.394452655964986 0.49230446554079343 0.9973636584210107 0.03665572067393371 0.003139345181722261 RRL_ab 0.47 1.0 0.49229699294496915
1115 zr 806203100022452 5.0136979 59.3292065 177 20.506305694580078 2.0089910006482192 7.946407072799856e-09 9.37955789476047e-05 0.49998390605220205 0.9973118789275683 0.2825203071972166 0.3387783530305024 NonVar 0.52 1.0 0.033804292690129724
1116 zr 1809211300054339 5.1473946 59.3110378 77 148.78114318847656 2.070031292209246 2.6196040817038394e-08 0.0027535902835799982 0.10020427060297192 2800.0 0.2682387940081345 0.20321348011654677 NonVar 0.5 1.0 0.09108147812735054
2490 zr 1809211300070385 5.1160858 59.2718184 0 nan nan nan nan nan nan nan nan nan nan nan nan
1119 zr 1809211300042297 4.9992623 59.3162372 0 nan nan nan nan nan nan nan nan nan nan nan nan
1117 zr 1809211300042489 4.9953581 59.3037479 31 15.770936965942383 1.8251820059714676 0.003340714655507238 0.00016961567764074874 0.24755933071361985 2800.0 0.6462281496276381 0.16941483773492635 RRL_ab 0.27 1.0 0.24755354220234482
1117 zr 806203100043674 4.9953523 59.3037878 341 16.381683349609375 1.3438471471047637 0.0007195873667483465 4.470046431972466e-07 1.034923613285101 0.9972683213692667 0.19836590442190094 0.05481216910684183 LPV_SRV_AGB_O 0.24 1.0 29.60179567384621
1120 zr 1809211300053974 5.0468947 59.3408934 1 nan nan nan nan nan nan nan nan nan nan nan nan
1121 zr 1809211300066530 5.0150277 59.3301498 0 nan nan nan nan nan nan nan nan nan nan nan nan
1112 zr 1809211300070007 5.0346498 59.3381429 2 nan nan nan nan nan nan nan nan nan nan nan nan
1122 zr 1809211300054132 5.0086261 59.3260386 28 21.5639705657959 3.508965653090434 1.8480283187156874e-09 0.0006770456307391053 0.49938947144451795 2800.0 0.6614076679650668 0.984991583222652 NonVar 0.46 1.0 0.03126514296704624
2491 zr 806203100056838 5.1326194 59.3280761 6 nan nan nan nan nan nan nan nan nan nan nan nan
1124 zr 1809211300069997 5.0999914 59.3404867 0 nan nan nan nan nan nan nan nan nan nan nan nan
1125 zr 1809211300070414 5.0955691 59.2664786 0 nan nan nan nan nan nan nan nan nan nan nan nan
1122 zr 806203100022565 5.0085774 59.3261139 254 16.94477653503418 1.4905010970856132 8.362252871506916e-05 0.0006656239564086638 1.0351740299892995 0.9973469769214015 0.1784575533652946 0.09244603504914374 DSCT 0.92 1.0 0.0923586493863921
1125 zr 806203400064219 5.0951304 59.2663911 1 nan nan nan nan nan nan nan nan nan nan nan nan
2492 zr 1809211300043102 5.1152161 59.2713203 0 nan nan nan nan nan nan nan nan nan nan nan nan
1127 zr 806203400061571 5.0833664 59.2649872 0 nan nan nan nan nan nan nan nan nan nan nan nan
1128 zr 1809211300007473 4.9952083 59.306621 76 45.76201248168945 1.195822931734205 0.11035203677386742 0.20121939043851408 0.13892918266819565 2800.0 0.18899397911782367 0.0548592455717947 NonVar 0.73 1.0 0.13893607633802738
1128 zr 806203100023335 4.9952028 59.3066257 809 99.06884765625 2.0339718810749376 1.4902544885355559e-33 0.10945642784197085 0.14654740570079472 0.9973636584210107 0.04554268302441585 0.0017571714668541559 NonVar 0.61 1.0 0.03602697594894693
2493 zr 1809211300062153 5.0051617 59.2843161 3 nan nan nan nan nan nan nan nan nan nan nan nan
2494 zr 1809211300073371 4.9977837 59.3145276 1 nan nan nan nan nan nan nan nan nan nan nan nan
1130 zr 1809211300062291 5.0382565 59.2684848 14 10.92813491821289 1.6642668605539914 0.061273743670895234 0.013333602972281687 0.2497736240166801 2800.0 0.8372802112128065 0.12904437832154808 DSCT 0.77 1.0 0.04616095285238567
1123 zr 1809211300054521 4.9966658 59.2955377 0 nan nan nan nan nan nan nan nan nan nan nan nan
1124 zr 806203100063140 5.1001634 59.3405956 7 nan nan nan nan nan nan nan nan nan nan nan nan
1131 zr 1809211300041892 5.0703411 59.3432862 74 76.88762664794922 2.4164073476106465 2.2734116091042923e-11 0.0139792952718725 0.10098847740638972 2800.0 0.24974801421669618 0.22167442373671098 NonVar 0.55 1.0 0.033072624340634585
1131 zr 806203100021944 5.0703294 59.3432901 826 88.14051818847656 1.4234173501425564 6.760225992184397e-09 0.013381019945132475 0.12657414013331567 0.9973636584210107 0.05404842478941976 0.00010740427762247978 NonVar 0.5 1.0 0.07707638370058885
1132 zr 806203100060553 5.1445928 59.2903703 831 522.2163696289062 6.315214570087693 0.0 0.05585652251373175 0.18165298281261286 0.9973636584210107 0.04801559536314284 0.016171640318448217 NonVar 0.62 1.0 0.0337088295003311
2495 zr 806203400064769 5.0972025 59.2665929 9 53.58602523803711 102.28316962108904 2.3101983482287814e-192 5.209134995187352e-08 0.10407429034638738 0.49931732452140026 0.9988528627465825 0.6572866308449217 DSCT 0.49 1.0 0.17224732747585397
1134 zr 806203100052221 5.1471625 59.2945593 4 nan nan nan nan nan nan nan nan nan nan nan nan
1135 zr 1809211300043034 5.1263228 59.2757963 77 94.4604263305664 2.313806419770086 7.738873267269871e-11 0.05541162421679726 0.11953514657121284 2800.0 0.20974498517540605 0.01259886575558897 NonVar 0.55 1.0 0.04902813827037744
1132 zr 1809211300008345 5.1446778 59.2903465 77 157.96275329589844 3.0440415654472717 1.9358418751441413e-19 0.28208710994919595 0.16663200943385317 2800.0 0.1731001265260136 0.07547500965575606 EB_ED 0.47 1.0 0.05644959059387022
1136 zr 1809211300054873 5.1023459 59.2675794 0 nan nan nan nan nan nan nan nan nan nan nan nan
1129 zr 1809211300062091 5.1461095 59.2925055 0 nan nan nan nan nan nan nan nan nan nan nan nan
2496 zr 806203400061569 5.0565635 59.2652081 3 nan nan nan nan nan nan nan nan nan nan nan nan
1133 zr 1809211300062284 5.0317257 59.2702092 8 nan nan nan nan nan nan nan nan nan nan nan nan
1137 zr 1809211300008696 5.1361191 59.2817423 72 34.135650634765625 1.7120288832559725 0.00011143121505754546 0.606164725415192 0.10308030791919329 2800.0 0.16481700375130126 0.02922001535548983 DSCT 0.66 1.0 0.1159009827415137
1127 zr 1809211300076104 5.0832031 59.2647907 0 nan nan nan nan nan nan nan nan nan nan nan nan
1139 zr 1809211300042003 5.1187934 59.3354119 77 486.7208251953125 3.874146945128259 1.8643364609608297e-30 0.00336224924756457 0.33291928008798505 2800.0 0.26447736687445655 0.10077360211950603 EB_ED 0.45 1.0 0.49970067230768944
1140 zr 1809211300005880 5.0841707 59.3429295 77 150.9292449951172 1.9123828744344527 8.530062276438819e-07 0.005723093079615782 0.30627395008073155 2800.0 0.2545648516299561 0.04037469086558017 RRL_ab 0.29 1.0 0.30627927591996146
1139 zr 806203100022270 5.1187805 59.3354318 868 788.3811645507812 3.1067307975755747 2.994026489608163e-107 3.59589871481717e-08 1260.0563883489706 0.9973636584210107 0.09965373990895092 0.09040177899624825 NonVar 0.4 0.0 1374.6573033000022
1138 zr 1809211300008499 5.0055179 59.2837033 5 nan nan nan nan nan nan nan nan nan nan nan nan
1140 zr 806203100021964 5.084146 59.3429428 868 339.99676513671875 2.380593007796555 1.633699285851107e-56 0.039485555604931055 1.215552484941815 0.9973636584210107 0.04655429390866453 0.0015597101018511304 EB_ED 0.4 1.0 1.2154352814323626
1134 zr 1809211300008148 5.1473806 59.2945374 0 nan nan nan nan nan nan nan nan nan nan nan nan
1142 zr 806203100063126 5.0524618 59.3421735 11 nan nan nan nan nan nan nan nan nan nan nan nan
1144 zr 1809211300008868 5.0173314 59.2758513 75 42.948638916015625 1.6403609353297997 0.00022983568486112531 0.01107863711580424 0.13804779447553406 2800.0 0.24917087758704726 0.01376490961137064 DSCT 0.47 1.0 0.04881785592213762
1143 zr 1809211300054219 5.1421934 59.3208492 1 nan nan nan nan nan nan nan nan nan nan nan nan
1145 zr 1809211300061818 4.9999716 59.3185157 3 nan nan nan nan nan nan nan nan nan nan nan nan
1147 zr 806203100056775 5.0218544 59.3341039 1 nan nan nan nan nan nan nan nan nan nan nan nan
