t_zr_0418_original.ecsv
# %ECSV 1.0
# ---
# datatype:
# - {name: SourceID, datatype: int32}
# - {name: filter, datatype: string}
# - {name: OID, datatype: string}
# - {name: RA, datatype: float64}
# - {name: DEC, datatype: float64}
# - {name: numobs, datatype: int32}
# - {name: DELTA_SIG_MAG, datatype: float64}
# - {name: CONST_CHI2, datatype: float64}
# - {name: LNP_SIG, datatype: float64}
# - {name: period, datatype: float64}
# - {name: period_c, datatype: float64}
# - {name: power, datatype: float64}
# - {name: power_c, datatype: float64}
# - {name: upsilon_class, datatype: string}
# - {name: upsilon_prob, datatype: float64}
# - {name: upsilon_flag, datatype: float64}
# - {name: upsilon_period, datatype: float64}
# schema: astropy-2.0
SourceID filter OID RA DEC numobs DELTA_SIG_MAG CONST_CHI2 LNP_SIG period period_c power power_c upsilon_class upsilon_prob upsilon_flag upsilon_period
[from data line 6105]
3200 zr 806203400000766 5.1613681 59.2359527 906 1637.1156005859375 5.304087150348978 0.5142343396204169 468.7509163339347 0.9973493234494499 0.03539482451290465 0.1862770445473253 EB_ED 0.48 1.0 0.2108323217545782
"" zr 806203100063208 5.2276283 59.3238248 3 nan nan nan nan nan nan nan nan nan nan nan
3201 zr 806203100022022 5.2133475 59.3426768 43 38.11649703979492 30.18624698712993 1.0904191562930158e-05 0.13799220532797943 0.9974507810318012 0.7673411456290291 0.3674921402390053 DSCT 0.57 1.0 0.043616186882488986
"" zr 806203100051513 5.1823289 59.3633713 2 nan nan nan nan nan nan nan nan nan nan nan
3200 zr 1809211300010830 5.1613885 59.2359343 81 710.6318969726562 3.7893440680335857 0.9574289265339998 0.12716523858330936 0.9972164461363069 0.12274910320042694 0.041221858612795814 NonVar 0.66 1.0 0.032407035059499
3202 zr 806203100051371 5.1367666 59.3788125 133 16.188644409179688 1.558648961042583 0.008369111043742584 0.2872820489359276 0.997401777168367 0.26701115393356145 0.023153044703350143 DSCT 0.74 1.0 0.09553966596728959
3203 zr 1809211300042056 4.9192556 59.3288043 28 14.19314193725586 1.8612427206458664 0.025903889608829216 0.10090022716131421 0.9973820334436908 0.5306147595558487 0.18340784354065456 DSCT 0.8 1.0 0.07545414091600407
3204 zr 1809211300070610 5.1367705 59.228988 0 nan nan nan nan nan nan nan nan nan nan nan
3203 zr 806203100051815 4.919256 59.3288393 245 23.642343521118164 1.7340562027416409 0.0034902313419488424 0.10434686230707235 0.997411131659203 0.16574400116827973 3.213657717725692e-05 EB_ED 0.21 1.0 27.10248350000001
3207 zr 1809211300061541 5.1943442 59.3569988 26 12.826784133911133 1.5829425768519452 0.02672821461682025 0.47394362351247027 0.9971764125208291 0.5640852700742496 0.05529287370304161 DSCT 0.64 1.0 0.030263688926350403
3208 zr 806203400058991 5.1747669 59.2409832 343 31.796173095703125 2.1839687893468396 0.007132704320854887 0.10644070750437122 0.9972915359214594 0.12245226986990788 0.00695784206510098 DSCT 0.56 1.0 0.07206673864259176
3201 zr 1809211300053985 5.2134703 59.3427086 2 nan nan nan nan nan nan nan nan nan nan nan
3199 zr 1809211300066905 5.2155115 59.2672219 0 nan nan nan nan nan nan nan nan nan nan nan
3206 zr 806203400051404 5.2049013 59.2579555 78 15.048095703125 1.6986832851750704 0.00788462208141109 0.25755793949388756 0.9972848789837913 0.2804699458302055 0.019522827640073688 DSCT 0.77 1.0 0.09103185750036465
3207 zr 806203100051572 5.1943599 59.357026 259 50.35905456542969 10.495900586433587 8.276482089929406e-09 0.9947995922215352 0.997295718081664 0.2786473105053984 0.282419677466017 CEPH_Other 0.59 1.0 1.0348827995931698
3210 zr 1809211300069930 5.1978756 59.3548606 0 nan nan nan nan nan nan nan nan nan nan nan
3209 zr 1809211300005245 5.19213 59.358374 79 35.727657318115234 1.1257128705167494 0.27902835020453376 0.28145935709673564 0.9972164461363069 0.18023664016505186 0.007722166243227652 RRL_c 0.47 1.0 0.3921384840105984
3209 zr 806203100021421 5.1920956 59.3583945 873 142.5401153564453 2.8230917357069893 0.09982964556401627 0.11655417665409909 0.9973493234494499 0.04462692772966272 0.003152244666415547 NonVar 0.52 1.0 0.057591300134378624
3206 zr 1809211300009820 5.2049046 59.2578888 20 8.450047492980957 0.7065894236372149 0.04986145141279302 0.3397186468940567 1.0001649165952826 0.6339303329210729 0.2394830685438236 EB_EC 0.41 1.0 0.03486950962047891
3211 zr 806203100060467 5.2322197 59.2976827 388 24.218095779418945 1.4676847813273666 7.506865021481243e-07 1.0350240006968263 0.9973615362352404 0.17832344245525455 0.03721070663520702 EB_ED 0.32 1.0 1.0350278207638535
3211 zr 1809211300054552 5.2322788 59.2976475 39 23.65096092224121 2.3536369097993077 0.00016109202952732633 0.1622078779993582 1.0001935892111147 0.553377740650281 0.13935201889954696 DSCT 0.46 1.0 0.03185484981212575
3213 zr 806203100043528 5.2314107 59.3146735 924 351.4212646484375 2.091843995549563 0.004600611278520597 0.9971946168400929 0.9973493234494499 0.05646381956774537 0.8975321942166289 NonVar 0.78 1.0 0.04077483774855448
3214 zr 1809211300008294 4.9146898 59.2873869 19 7.0991387367248535 0.9169617817099485 0.005888124936802585 0.19605963317272543 0.9998840913159222 0.7462653960611525 0.4944064663304456 DSCT 0.31 1.0 0.04344380020984247
"" zr 806203400063985 5.1783765 59.242397 124 103.1758804321289 416.7183019117357 2.7329790676102748e-12 0.74397823935462 0.9999915168669438 0.758061262656614 0.2483692767115628 NonVar 0.51 1.0 0.08865801439697082
3212 zr 806203100020314 5.0905438 59.3853976 386 17.47910499572754 1.1854744166794577 3.1780463033737247e-06 1.035103191834941 0.9972785353417125 0.1643154476489997 0.061899205387176436 EB_ESD 0.21 1.0 1.0351893947454824
3213 zr 1809211300007287 5.2314425 59.3146662 81 312.20306396484375 2.3023810502930684 0.1464659856209806 0.10064544943387897 0.9972164461363069 0.18876555578547366 0.09735295246704076 NonVar 0.58 1.0 0.1006425552977624
3215 zr 806203400061625 5.1190944 59.2254291 708 74.93455505371094 1.831450566025143 0.0068872010651569405 1.1059543346964376 0.9972794600314014 0.06506127257639463 0.0041752075110226255 NonVar 0.5 1.0 1.105895284568967
3212 zr 1809211300003863 5.0905946 59.3854089 44 19.667156219482422 1.6927748173286374 0.002457721197317724 0.10249463512025744 0.9974583319098023 0.4564194712251226 0.038005230333763226 DSCT 0.64 1.0 0.05353602367895716
3205 zr 1809211300054928 5.2145348 59.2659318 0 nan nan nan nan nan nan nan nan nan nan nan
"" zr 1809211300074788 5.2218884 59.2741933 0 nan nan nan nan nan nan nan nan nan nan nan
3214 zr 806203100063393 4.9146293 59.2873811 81 11.213705062866211 1.0840735233408183 0.004232647096768465 121.07299802314061 0.9973583130998703 0.2916449897958745 0.010639592947831542 NonVar 0.49 1.0 0.040071477431618326
3215 zr 1809211300075596 5.1191121 59.225409 71 62.231475830078125 2.3515750210560986 0.6509493805866499 0.129808699010449 0.9971521581194235 0.16567738359133435 0.040253946493514374 NonVar 0.61 1.0 0.07400545095527124
3216 zr 806203100023754 5.2321461 59.2961895 907 203.34677124023438 1.446037791534118 0.12169202710899232 0.24317049330486343 0.9973493234494499 0.04421601035644077 0.0029632412144918485 EB_ED 0.82 1.0 0.03932484402813894
3216 zr 1809211300008138 5.2321708 59.296176 81 240.18466186523438 2.0034526038418305 0.7440028968014459 0.12658502906869012 0.9972164461363069 0.14203500296154595 0.09772952048358394 NonVar 0.71 1.0 0.03068438460138231
"" zr 1809211300053729 4.9568844 59.3612339 0 nan nan nan nan nan nan nan nan nan nan nan
"" zr 1809211300006096 4.9233568 59.3352427 0 nan nan nan nan nan nan nan nan nan nan nan
3218 zr 1809211300054828 5.221047 59.2729979 81 108.45381927490234 1.6776523993642536 0.03963806669204482 0.4916172117862635 0.9972164461363069 0.21665035479403308 0.19890519572539314 NonVar 0.54 1.0 0.030969100525568994
3217 zr 1809211300042343 5.230908 59.3169736 0 nan nan nan nan nan nan nan nan nan nan nan
3219 zr 806203400001003 5.0202249 59.2261638 914 2314.1884765625 8.622200741811323 0.9999868082387835 0.13483791743836215 0.9973493234494499 0.02300151696155967 0.0010119357068696174 NonVar 0.74 1.0 0.03357015575853583
3219 zr 1809211300011202 5.0202511 59.2261502 81 592.0927734375 2.710385106048968 0.9978127264810729 0.18340431271386606 0.9972164461363069 0.10696044470682578 0.01364507430963494 NonVar 0.83 1.0 0.03545910884279455
3208 zr 1809211300070550 5.1749977 59.240791 43 20.600526809692383 1.4924699023418388 0.0012556238495962633 0.10354378453573151 0.9973820334436908 0.4814695367059926 0.07687848718367539 EB_ESD 0.73 1.0 0.1035450307513249
3223 zr 1809211300042050 5.2216678 59.334343 0 nan nan nan nan nan nan nan nan nan nan nan
3224 zr 806203100056474 5.0433525 59.3847593 908 120.66333770751953 1.941633238785189 0.061964947631242946 0.20312448714395281 0.9973493234494499 0.04617372468511881 0.013940256320694495 NonVar 0.75 1.0 0.05826815907820609
3220 zr 806203400000139 5.2068381 59.258991 544 80.69248962402344 1.56994961658081 0.148602852547589 0.3075205315027254 0.9999866996793741 0.07300253217504964 0.0002799967739347252 EB_ED 0.53 1.0 0.07968880702642414
3225 zr 806203100043782 4.9117037 59.2967385 132 17.834003448486328 1.9492172004449517 0.0025541464606777253 1.7766387692421022 0.9972573243277978 0.22327813035640953 0.008130868156528503 DSCT 0.7 1.0 0.05007970127771857
"" zr 1809211300074772 5.229648 59.287067 7 nan nan nan nan nan nan nan nan nan nan nan
3226 zr 1809211300004554 4.9749806 59.3694966 80 89.60860443115234 2.021569722388719 0.1121859696457901 0.13739910566152533 0.9972164461363069 0.19850389571969548 0.031010789079529897 NonVar 0.6 1.0 0.03512984836182316
3220 zr 1809211300054995 5.206854 59.2589795 79 54.190528869628906 1.18827146355105 0.11646529406760026 0.104321075488474 0.9972164461363069 0.1978546627259076 0.026930134373984043 NonVar 0.65 1.0 0.0820367333025314
3228 zr 1809211300007810 4.9115194 59.2977479 45 14.236355781555176 0.9788372225994747 0.24136022457065123 1.0202286773086384 0.9974603843751442 0.29384778116830984 0.01096416326885906 NonVar 0.29 1.0 0.04258082986390147
3224 zr 1809211300074627 5.0433134 59.3847721 79 85.35645294189453 1.8884426717834757 0.15229049511244747 1.4879030971022935 0.9972164461363069 0.19146426310542694 0.019306177565471504 NonVar 0.7 1.0 1.4879355214525052
3225 zr 1809211300042593 4.911679 59.2967318 21 11.739325523376465 1.409112723416001 0.02478010617995405 0.1693361851342878 0.4993084539212824 0.6468604558177267 0.33947890310324197 DSCT 0.76 1.0 0.048934157111813974
3229 zr 1809211300053749 4.9536595 59.3596575 53 13.500710487365723 1.0082743971246226 0.15363644471975665 0.19525205760309045 0.9974603843751442 0.2791855113046831 0.0076400861103344915 DSCT 0.38 1.0 0.1952517696285289
3226 zr 806203100020878 4.974955 59.3695043 897 147.8010711669922 1.8928969418697752 0.21038594265767377 0.3474800348218675 0.9973493234494499 0.040801365800060045 0.0070626914454603226 EB_ED 0.53 1.0 0.05531430801497172
3228 zr 806203100043765 4.9114527 59.2977703 237 19.03534507751465 1.3413657918711308 0.00843992372143327 0.2259301151712906 0.9973910092893853 0.12467875902228098 0.007116783533399951 DSCT 0.88 1.0 0.0884546650125112
3221 zr 1809211300010271 4.9613138 59.2442284 59 17.615575790405273 1.4885912388213431 0.05551301771736255 0.1050312087073852 0.9974603843751442 0.2856459081109336 0.03239753960494256 DSCT 0.5 1.0 0.03607930615853489
3222 zr 1809211300009352 5.2176906 59.2687662 0 nan nan nan nan nan nan nan nan nan nan nan
3231 zr 806203100051293 5.0538825 59.385616 626 77.87215423583984 3.666173933084498 3.2758180898685966e-06 0.9973493234494499 0.9973493234494499 0.11572849556804157 0.9433544119627151 NonVar 0.59 1.0 0.03899841593533262
3231 zr 1809211300041222 5.0538977 59.3856191 57 51.69758987426758 2.320910360915515 0.08021495198282126 0.11764372270304646 0.9972072867767146 0.27103421290600604 0.07186564808725036 DSCT 0.78 1.0 0.1266025190566935
3221 zr 806203400030911 4.9612675 59.2442202 469 30.058712005615234 1.5280860814074333 0.007750081309315209 0.1663617639078403 0.9972794600314014 0.09518118603482699 0.026000475614179244 DSCT 0.57 1.0 0.08957327104154555
"" zr 806203100066859 5.2320505 59.3139289 9 nan nan nan nan nan nan nan nan nan nan nan
3232 zr 806203100021290 5.1869377 59.3616446 584 24.57814598083496 1.2741397648249 0.013950112876099374 0.3060397645194183 0.9972794600314014 0.0708505056392788 0.0040144059009451895 NonVar 0.58 1.0 0.03708590471799028
3229 zr 806203100042672 4.953619 59.3597178 522 26.014177322387695 1.2329049917710582 2.512533640831883e-05 1.0352668255016346 0.9972794600314014 0.1154533827714199 0.007190948316299102 EB_ED 0.35 1.0 1.0351037090640143
3227 zr 1809211300066942 5.2083158 59.2600169 0 nan nan nan nan nan nan nan nan nan nan nan
3234 zr 1809211300004347 4.9877106 59.3740139 60 28.88825225830078 2.079616838644278 0.07258067736916819 0.1047598371334877 0.99714283273755 0.2701816307642694 0.04068814922688448 DSCT 0.71 1.0 0.05402278126986677
"" zr 1809211300055275 5.0117072 59.2276194 1 nan nan nan nan nan nan nan nan nan nan nan
3237 zr 806203400058957 5.1988635 59.2531213 118 13.983132362365723 1.1279111338498669 0.006855772525387928 0.1142127118778856 0.9972773134269707 0.23104043121499884 0.04120582551457612 DSCT 0.92 1.0 0.09295070560973842
3232 zr 1809211300005095 5.1870067 59.3616531 59 23.2673397064209 1.5464840540708877 0.12585349816562028 0.19725687035675185 1.0001935892111147 0.2586429675983167 0.011247563242518242 DSCT 0.74 1.0 0.19724473275292695
3234 zr 806203100042453 4.9876508 59.3740257 570 29.215883255004883 1.3869294153316258 0.036720487018006225 27.232544892831736 0.9973509924032099 0.06832731337365185 0.024506359392385258 NonVar 0.57 1.0 0.045379654068767115
3230 zr 1809211300011253 5.1290626 59.2269123 54 17.273273468017578 1.1553799023729328 0.03623254500610518 0.11804978652157348 1.0001911039031424 0.31430622996774393 0.013124089193362214 DSCT 0.48 1.0 0.031736517923021186
3230 zr 806203400001014 5.1290728 59.2269105 432 22.072124481201172 1.5087888302254038 0.003406092592185386 0.21709401881609655 0.9972794600314014 0.10405779420811574 0.03539352912611276 DSCT 0.62 1.0 0.08559484876784851
3238 zr 1809211300041531 4.9642206 59.3651172 81 636.83984375 6.967305913493096 0.06792131894876959 0.10459145579522454 0.9972164461363069 0.20546391053728003 0.029185780247811148 NonVar 0.52 1.0 0.06948978771133335
3239 zr 806203400031439 5.0335226 59.2239723 11 nan nan nan nan nan nan nan nan nan nan nan
3238 zr 806203100056586 4.9642192 59.3651194 935 1096.08447265625 8.144615011011803 0.0016357849825574694 0.997813731429254 0.9973493234494499 0.05860532498576762 0.3554730917806138 EB_ED 0.42 1.0 0.997717880625972
3240 zr 1809211300061827 4.9130674 59.3177113 77 112.02024841308594 2.799447801579139 0.23347751695225824 0.10780727855239305 0.9972164461363069 0.186744625198265 0.006981872440005635 NonVar 0.47 1.0 0.10780395788067614
3240 zr 806203100056884 4.9130674 59.3177248 624 167.8109893798828 4.317001479760632 4.80734284347307e-05 0.9995202672600982 0.9973493234494499 0.0926823497639167 0.7172664118187974 NonVar 0.9 1.0 3857.177326500008
3239 zr 1809211300043879 5.0337049 59.2239287 1 nan nan nan nan nan nan nan nan nan nan nan
3241 zr 806203400000794 4.9897501 59.2331141 676 59.91162109375 2.243729723524442 1.0047559488021915e-08 0.9973493234494499 0.9973493234494499 0.13336582652496476 0.9540044944250426 DSCT 0.46 1.0 0.2240851290594323
3227 zr 806203400030602 5.2085414 59.260067 2 nan nan nan nan nan nan nan nan nan nan nan
3241 zr 1809211300010827 4.9897961 59.2330858 69 26.880857467651367 1.4216381464066528 0.0024288434558351144 0.10028519823217918 0.9971521581194235 0.31919133322765186 0.09397707964962593 EB_ESD 0.59 1.0 0.09112619074073969
3237 zr 1809211300066975 5.1989407 59.2530784 28 17.112178802490234 1.8392449422187238 0.023090061331748783 0.40985718706090846 1.0001659648160228 0.5394666803054423 0.06547714361776025 DSCT 0.53 1.0 0.0309180766286373
3233 zr 1809211300042662 5.2330906 59.298772 1 nan nan nan nan nan nan nan nan nan nan nan
3236 zr 806203100063005 5.1124399 59.3836844 2 nan nan nan nan nan nan nan nan nan nan nan
3242 zr 1809211300070062 5.2243707 59.3313353 0 nan nan nan nan nan nan nan nan nan nan nan
3235 zr 806203400000041 4.934543 59.2607724 0 nan nan nan nan nan nan nan nan nan nan nan
3244 zr 806203400044404 4.9549081 59.2472159 143 12.012452125549316 1.2346804396171611 0.0003248198458582547 0.5086381639595001 0.9973685800942312 0.3030126078081816 0.04900597296783667 RRL_ab 0.95 1.0 0.5086064316247344
3245 zr 1809211300069752 5.0884268 59.385914 0 nan nan nan nan nan nan nan nan nan nan nan
3246 zr 1809211300004106 5.1279872 59.3812587 1 nan nan nan nan nan nan nan nan nan nan nan
3243 zr 1809211300004232 5.1380537 59.3791702 65 19.688926696777344 1.1284039725865134 0.14167513061020878 0.49875973978888966 0.9971407988276043 0.23395719685235472 0.7807519780479455 DSCT 0.83 1.0 0.08534142138672472
