t_zr_0518.ecsv
# %ECSV 1.0
# ---
# datatype:
# - {name: SourceID, datatype: int32}
# - {name: filter, datatype: string}
# - {name: OID, datatype: string}
# - {name: RA, datatype: float64}
# - {name: DEC, datatype: float64}
# - {name: numobs, datatype: int32}
# - {name: DELTA_SIG_MAG, datatype: float64}
# - {name: CONST_CHI2, datatype: float64}
# - {name: LNP_SIG, datatype: float64}
# - {name: period, datatype: float64}
# - {name: period_c, datatype: float64}
# - {name: power, datatype: float64}
# - {name: power_c, datatype: float64}
# - {name: upsilon_class, datatype: string}
# - {name: upsilon_prob, datatype: float64}
# - {name: upsilon_flag, datatype: float64}
# - {name: upsilon_period, datatype: float64}
# schema: astropy-2.0
SourceID filter OID RA DEC numobs DELTA_SIG_MAG CONST_CHI2 LNP_SIG period period_c power power_c upsilon_class upsilon_prob upsilon_flag upsilon_period
[from data line 3433]
2075 zr 806203100023565 5.1898971 59.3016197 394 48.8806037902832 4.806013884629819 2.406292042612796e-05 0.24999431005760434 0.9972444265244415 0.1425878543831821 0.13367569182819428 RRL_c 0.4 1.0 0.3779431226504579
2075 zr 1809211300007849 5.1899077 59.3016064 42 14.12198257446289 1.2903400014651196 0.0260244575535813 0.15194165388856962 0.9975244260634196 0.39699312476921855 0.0019447956300456405 DSCT 0.68 1.0 0.040053323183911436
2069 zr 806203100064554 5.162927 59.3423021 5 nan nan nan nan nan nan nan nan nan nan nan
2079 zr 1809211300042424 5.1892309 59.3109021 0 nan nan nan nan nan nan nan nan nan nan nan
2080 zr 1809211300043415 5.139308 59.2544081 1 nan nan nan nan nan nan nan nan nan nan nan
6961 zr 1809211300041835 5.153472 59.3475703 0 nan nan nan nan nan nan nan nan nan nan nan
2077 zr 1809211300055105 5.0396223 59.2459417 0 nan nan nan nan nan nan nan nan nan nan nan
2079 zr 806203100043584 5.1893722 59.3108903 19 nan nan nan nan nan nan nan nan nan nan nan
2083 zr 1809211300062121 5.1871739 59.2902206 0 nan nan nan nan nan nan nan nan nan nan nan
2087 zr 806203400030934 5.0545006 59.2441746 624 30.646116256713867 1.484558282266339 0.07642846846932665 0.29006505100643704 0.9973493234494499 0.06079793839940528 0.0013629662448352516 RRL_e 0.52 1.0 0.2900569504060767
2088 zr 1809211300070509 5.0495619 59.2446057 0 nan nan nan nan nan nan nan nan nan nan nan
2087 zr 1809211300010348 5.0545 59.2441701 68 21.135295867919922 1.0937531925274373 0.0636210562660709 0.142360762328036 0.9999119909873886 0.24486200504090183 0.09332419772637601 DSCT 0.54 1.0 0.05675754556961992
6962 zr 806203400051460 5.1056321 59.2459608 222 256.3984375 316.5451796082876 8.658630645054496e-12 361.4603611263926 0.9999489061827086 0.472961864456942 0.49941488033889025 NonVar 0.39 1.0 1909.2845833499996
6964 zr 1809211300070327 5.1853563 59.2863588 2 nan nan nan nan nan nan nan nan nan nan nan
2094 zr 806203400000228 5.1419414 59.2550684 252 28.83733558654785 1.772529714299756 0.005282578007831596 0.20470400705200062 0.9973615362352404 0.1462883968758869 0.06680905905423326 NonVar 0.49 1.0 0.035472166340357346
2095 zr 806203100060294 5.1808882 59.3278596 5 nan nan nan nan nan nan nan nan nan nan nan
2094 zr 1809211300009906 5.142049 59.2550172 43 21.03961181640625 2.1720587582650546 0.024166987682744997 0.21754788212562165 0.9971407988276043 0.39454272616807634 0.11286010647736783 DSCT 0.81 1.0 0.07290371767035116
2096 zr 1809211300070090 5.1830699 59.3253872 0 nan nan nan nan nan nan nan nan nan nan nan
2095 zr 1809211300070077 5.1812513 59.3277099 1 nan nan nan nan nan nan nan nan nan nan nan
6966 zr 1809211300062443 5.1101838 59.2464488 0 nan nan nan nan nan nan nan nan nan nan nan
2088 zr 806203400058977 5.0497942 59.2442849 3 nan nan nan nan nan nan nan nan nan nan nan
6968 zr 1809211300074742 5.1909438 59.3030485 0 nan nan nan nan nan nan nan nan nan nan nan
6969 zr 1809211300055074 5.021271 59.249022 0 nan nan nan nan nan nan nan nan nan nan nan
2103 zr 806203400051437 5.1244137 59.2493648 30 8.585061073303223 1.346136268898311 0.020510811138715685 0.643529698094126 0.9972680248264337 0.9259720637342972 0.15340333197411532 EB_EC 0.43 1.0 0.2700700074142883
6970 zr 1809211300042278 5.1865968 59.3204653 0 nan nan nan nan nan nan nan nan nan nan nan
2103 zr 1809211300043502 5.1242817 59.2492821 1 nan nan nan nan nan nan nan nan nan nan nan
2110 zr 806203400030512 5.1609777 59.2634085 529 585.2468872070312 3.381322258826155 0.4273186143711526 0.9975040780691922 0.9999866996793741 0.06769102759371654 0.8246071855400194 EB_ED 0.62 1.0 0.03930360641647484
2099 zr 1809211300074751 5.1908462 59.298884 0 nan nan nan nan nan nan nan nan nan nan nan
2110 zr 1809211300009538 5.1609859 59.2633863 81 381.5713806152344 2.662343101050399 0.8182468223152263 0.11092139868305764 0.9972164461363069 0.1369736739891354 0.1930234187846292 NonVar 0.66 1.0 0.03165895520397471
2107 zr 1809211300076401 5.1081173 59.2458835 14 39.45896530151367 13.703551891701526 0.0015037132061849396 0.1140895167601634 0.9999104049983436 0.8920209675407004 0.33952488786048085 DSCT 0.63 1.0 0.031335556626035155
6971 zr 806203400055878 5.1232141 59.248923 3 nan nan nan nan nan nan nan nan nan nan nan
6972 zr 1809211300055093 5.0296672 59.2470131 0 nan nan nan nan nan nan nan nan nan nan nan
2112 zr 806203400030761 5.0123669 59.2512094 651 1020.8291625976562 21.382535271782675 0.9999999999999982 2.3244008566425354 0.9999866996793741 0.023206716313009367 0.005536242603590134 EB_ED 0.41 1.0 0.034237935401835715
2099 zr 806203100057074 5.1909279 59.2988157 8 nan nan nan nan nan nan nan nan nan nan nan
2113 zr 1809211300070056 5.1778905 59.332041 1 nan nan nan nan nan nan nan nan nan nan nan
2112 zr 1809211300009975 5.0123896 59.2511853 81 389.0821228027344 2.1951734890694117 0.2938889982286789 0.20108392018172752 0.9972164461363069 0.17208645167675846 0.17981635844737243 NonVar 0.68 1.0 0.030255646749971422
2116 zr 1809211300066699 5.1915049 59.3049266 1 nan nan nan nan nan nan nan nan nan nan nan
2118 zr 806203100023756 5.1904943 59.2957636 906 878.7481079101562 2.6261315430762435 0.11617557424780538 0.16633486987560567 0.9973493234494499 0.04365039237271498 0.003334591182504528 NonVar 0.57 1.0 0.16633650983224837
2118 zr 1809211300008124 5.190501 59.2957527 81 659.7750244140625 3.8434285199305007 0.23591875032680365 0.19351020336422364 0.9972164461363069 0.17759275779256192 0.025932374847713456 NonVar 0.54 1.0 0.08892836672454038
2119 zr 1809211300070525 5.0607334 59.2431584 0 nan nan nan nan nan nan nan nan nan nan nan
2120 zr 1809211300054119 5.1801136 59.3300578 0 nan nan nan nan nan nan nan nan nan nan nan
6975 zr 806203100051937 5.1871226 59.3206031 5 nan nan nan nan nan nan nan nan nan nan nan
2120 zr 806203100051837 5.1801401 59.330292 6 nan nan nan nan nan nan nan nan nan nan nan
2116 zr 806203100063289 5.191882 59.3049702 28 8.195068359375 0.9419419571772629 0.007506042708171846 0.21824612347761446 0.999994041602382 0.8978768551797767 0.0007443739195138577 RRL_e 0.45 1.0 0.21824470660866419
2126 zr 806203400000351 5.1311506 59.250679 295 27.948516845703125 1.688476529438723 0.0007644005980527762 0.5079113900029641 0.997295718081664 0.1401423186587929 0.034338833169584346 DSCT 0.83 1.0 0.06618697431178368
2126 zr 1809211300043480 5.1311924 59.2506588 40 20.24715232849121 2.07489881504652 0.142053851187473 0.1057799395875523 0.9974449314711165 0.3394600423331722 0.062455328180055024 RRL_ab 0.35 1.0 0.9737911772113833
2122 zr 1809211300043321 5.1552951 59.2598405 0 nan nan nan nan nan nan nan nan nan nan nan
6976 zr 1809211300062210 5.1843743 59.2824339 0 nan nan nan nan nan nan nan nan nan nan nan
2133 zr 806203100022760 5.1860289 59.3234158 750 32.13700485229492 1.0688185823174887 0.005485185003542862 0.2385416330023141 0.9973493234494499 0.06461867112859199 0.0009322743167377948 NonVar 0.4 1.0 0.23853910491651256
2133 zr 1809211300006830 5.186044 59.3234117 72 40.02322006225586 1.9960175100056623 0.0034797341260677226 0.10126998604931281 0.9972164461363069 0.29474675633457537 0.029087590741888093 DSCT 0.54 1.0 0.03610221193645437
2130 zr 1809211300043435 5.1406665 59.2535112 0 nan nan nan nan nan nan nan nan nan nan nan
2131 zr 1809211300075576 5.008982 59.2516486 0 nan nan nan nan nan nan nan nan nan nan nan
2137 zr 806203400030905 5.1129226 59.2461245 50 14.553909301757812 2.123923576957468 0.056749758262408474 0.10762166006864411 0.9972464557174898 0.5819916195161444 0.013037882217059224 DSCT 0.82 1.0 0.08805698562977358
2139 zr 806203400030699 5.0030029 59.2536151 613 2249.276611328125 14.628426785586457 0.42580425339195366 0.3327152420629778 0.9999866996793741 0.052683630723129135 0.43427176426567865 NonVar 0.54 1.0 0.09105491670404399
2139 zr 1809211300009865 5.0030191 59.253597 81 540.9028930664062 3.0000801412247338 0.46216198384705864 0.251824322106552 0.9972164461363069 0.1595810372884772 0.4265054470642061 NonVar 0.61 1.0 0.08892836672454038
2140 zr 1809211300076591 5.1118412 59.2459118 0 nan nan nan nan nan nan nan nan nan nan nan
2141 zr 806203400000429 5.1211649 59.2477753 788 615.3984375 5.396867135984931 0.9996503036872348 0.13483508932633564 0.9973493234494499 0.02873157237886588 0.0005571678347392931 NonVar 0.62 1.0 0.08261780209694364
2143 zr 806203400064962 5.0956315 59.2436011 7 nan nan nan nan nan nan nan nan nan nan nan
2141 zr 1809211300010234 5.1211777 59.2477595 81 379.94281005859375 2.7049312579280276 0.3434565237822696 0.24953107197028268 0.9972164461363069 0.16801518710955696 0.4693652920866667 NonVar 0.65 1.0 0.03337767035189714
6977 zr 1809211300043505 5.1265093 59.2490199 1 nan nan nan nan nan nan nan nan nan nan nan
2145 zr 1809211300073403 5.1926066 59.3055724 0 nan nan nan nan nan nan nan nan nan nan nan
6978 zr 806203400064943 5.1004478 59.2440677 5 nan nan nan nan nan nan nan nan nan nan nan
2134 zr 1809211300054251 5.1887722 59.3195539 0 nan nan nan nan nan nan nan nan nan nan nan
2150 zr 806203100022123 5.1707318 59.33948 876 93.22209167480469 1.676140316438219 0.06976352831777784 0.18223950925507776 0.9973493234494499 0.04710819118423181 0.02095009019908753 NonVar 0.57 1.0 0.03909724017292418
2150 zr 1809211300006092 5.1707622 59.3394759 78 44.18429183959961 1.3312015817727387 0.8606871439731484 1.1561727226218956 0.9972164461363069 0.14041304916750996 0.04644414971643445 NonVar 0.6 1.0 0.07807823004807647
2151 zr 806203100022832 5.1877496 59.3217375 570 41.476043701171875 1.5609312130798192 0.005452868065099129 0.11311342657219879 0.9973615362352404 0.07654276022612734 0.0035035245814572695 DSCT 0.5 1.0 0.08785319356208496
2152 zr 806203400044441 5.0428801 59.244048 1 nan nan nan nan nan nan nan nan nan nan nan
2153 zr 806203400000075 5.1593859 59.2612605 549 1843.3665771484375 11.464342901140178 0.29578745906791976 0.16617578298051278 0.9999866996793741 0.06776590729563593 0.005162507548146126 NonVar 0.53 1.0 0.16617885168670063
6979 zr 1809211300076106 5.0060637 59.2522262 0 nan nan nan nan nan nan nan nan nan nan nan
2153 zr 1809211300009651 5.1593897 59.2612456 81 648.9758911132812 3.620342137294633 0.29434709812257637 0.15122636182243102 0.9972164461363069 0.17206417809926566 0.06825092245758889 NonVar 0.58 1.0 0.15122669676356942
2151 zr 1809211300006905 5.1878552 59.3217261 61 21.236988067626953 1.6418782467144561 0.1859501027149471 0.1380811186217243 0.9971511434580307 0.23829486137395411 0.16610927444046802 DSCT 0.7 1.0 0.058173234677525186
2147 zr 806203100043082 5.1735397 59.3375308 45 14.130070686340332 2.3477699633636617 0.0006025652527660384 0.24948055856538068 0.9973373842268592 0.683602836406862 0.43723781203047424 DSCT 0.8 1.0 0.12483602259431587
2155 zr 806203100051962 5.1895759 59.318678 64 12.996905326843262 1.8111018113176034 0.0014972298317489981 0.4903713602969652 0.9972760156213946 0.5354121794256311 0.18121276995497734 DSCT 0.85 1.0 0.09511725325869194
2154 zr 806203400030983 5.0884884 59.2426952 758 46.86072540283203 1.7519052825021113 0.04225151658090699 0.10371647872560191 0.9973493234494499 0.055729051165647844 0.0034339233421180368 EB_ED 0.53 1.0 0.0939468866819302
2147 zr 1809211300006190 5.1735259 59.3376235 3 nan nan nan nan nan nan nan nan nan nan nan
2154 zr 1809211300010447 5.0885442 59.2426823 79 35.118106842041016 1.3686408133529522 0.05416535153469223 0.1024101244510297 0.9972164461363069 0.2230196036818866 0.03256324851810891 NonVar 0.54 1.0 0.03526193644283197
2157 zr 1809211300055078 5.0189198 59.248367 0 nan nan nan nan nan nan nan nan nan nan nan
6982 zr 1809211300070031 5.1759499 59.3357961 1 nan nan nan nan nan nan nan nan nan nan nan
2155 zr 1809211300042309 5.1898584 59.3186066 7 nan nan nan nan nan nan nan nan nan nan nan
2158 zr 1809211300010251 5.0295935 59.2458498 12 12.699848175048828 2.206768707471179 0.05486549743559252 0.10432807281085531 0.9973070931738853 0.8429985694710942 0.3811212591283579 DSCT 0.67 1.0 0.04158958693402794
6984 zr 1809211300075581 5.1143766 59.245808 0 nan nan nan nan nan nan nan nan nan nan nan
2158 zr 806203400000453 5.0295795 59.2458465 131 21.716632843017578 2.3680259220141466 0.006219244824530897 0.10993136277471992 0.9973052680316117 0.27872587360630613 0.06242795787869181 NonVar 0.45 1.0 0.039048922320943064
2163 zr 806203100023606 5.1932833 59.3003551 910 385.1876525878906 2.3567912539083014 0.04964954940029425 0.23648824392754492 0.9973493234494499 0.047779533471991764 0.004351157394556805 NonVar 0.49 1.0 0.24421788821704496
2163 zr 1809211300007905 5.1933108 59.3003401 81 272.6625671386719 2.0276747706962324 0.24064776574185615 0.12717252486248729 0.9972164461363069 0.1771186990906866 0.040501623270594235 NonVar 0.66 1.0 0.041936775049598245
2165 zr 1809211300008953 5.1814607 59.2768832 81 565.5241088867188 3.79671270147853 0.4979884498719714 0.332923949602843 0.9972164461363069 0.1572465093798541 0.13478658059097456 NonVar 0.64 1.0 0.03735699875729332
2166 zr 1809211300070538 5.0769903 59.2418315 0 nan nan nan nan nan nan nan nan nan nan nan
2167 zr 1809211300070469 5.1490042 59.2557681 2 nan nan nan nan nan nan nan nan nan nan nan
2168 zr 806203400030999 5.0668808 59.2418104 9 nan nan nan nan nan nan nan nan nan nan nan
2169 zr 1809211300070535 5.0585571 59.2421222 0 nan nan nan nan nan nan nan nan nan nan nan
6987 zr 1809211300043086 5.1784703 59.273632 1 nan nan nan nan nan nan nan nan nan nan nan
6988 zr 806203400044430 5.1169874 59.2460509 12 nan nan nan nan nan nan nan nan nan nan nan
2172 zr 1809211300075578 5.0095594 59.2504324 4 nan nan nan nan nan nan nan nan nan nan nan
2174 zr 1809211300062466 5.1078219 59.2443521 4 nan nan nan nan nan nan nan nan nan nan nan
6990 zr 1809211300070524 5.0469389 59.2429464 2 nan nan nan nan nan nan nan nan nan nan nan
2168 zr 1809211300043591 5.067222 59.241621 1 nan nan nan nan nan nan nan nan nan nan nan
2178 zr 806203400000419 5.1270299 59.2482235 112 13.55394458770752 1.799498224285164 5.684020800583316e-05 0.11731889405669313 0.9973835485388373 0.4298684263944638 0.034835083797655875 DSCT 0.62 1.0 0.11732045695391319
2178 zr 1809211300043506 5.1268873 59.2481593 9 nan nan nan nan nan nan nan nan nan nan nan
2183 zr 1809211300074803 5.1628176 59.2619904 1 nan nan nan nan nan nan nan nan nan nan nan
2186 zr 1809211300055050 5.0059452 59.2512172 20 8.622982025146484 0.7120652522006187 0.04515647949087763 0.10408517465788612 1.0001659648160228 0.6420906812136071 0.07783393814896306 DSCT 0.73 1.0 0.05707300208388663
2186 zr 806203400000291 5.0058168 59.2512535 123 15.949182510375977 1.3864049856632044 0.04614864744384915 0.13989025319025825 0.997295718081664 0.18937998123492408 0.009281654718240981 DSCT 0.59 1.0 0.050225258419113024
2191 zr 806203400000443 5.0244585 59.246159 796 301.12725830078125 2.5292644934457713 0.2167457338666507 0.5439363935880569 0.9973493234494499 0.047639076542332986 0.00024520164537610733 EB_ED 0.58 1.0 0.03475873953771297
2191 zr 1809211300010232 5.0244719 59.2461488 81 125.91998291015625 1.4974977394894093 0.03299748290742267 0.2814950540017056 0.9972164461363069 0.22035764628870577 0.016576704183732516 EB_ED 0.41 1.0 0.0472888850431445
2190 zr 806203400000572 5.0554394 59.2418081 53 12.000772476196289 1.2847590722739146 0.012621333885833079 0.11421433655864763 0.997392434034465 0.5445617927770658 0.008635609018186627 DSCT 0.76 1.0 0.10247903018685413
2190 zr 1809211300043585 5.0555863 59.2417845 4 nan nan nan nan nan nan nan nan nan nan nan
2194 zr 806203400044396 5.0157489 59.248206 618 87.530029296875 1.9221195351824742 0.012010082665670023 0.21528717616651866 0.9973493234494499 0.07331992162321094 0.006751934130362948 NonVar 0.6 1.0 0.2152923267749502
2194 zr 1809211300043485 5.0157551 59.2481879 78 111.55119323730469 3.158962626083592 0.0942317666469631 0.33332393637617697 0.9972164461363069 0.2045444413844515 0.5991217102928825 DSCT 0.59 1.0 0.09629780112083246
