t_zr_0621.ecsv
# %ECSV 1.0
# ---
# datatype:
# - {name: SourceID, datatype: int32}
# - {name: filter, datatype: string}
# - {name: OID, datatype: string}
# - {name: RA, datatype: float64}
# - {name: DEC, datatype: float64}
# - {name: numobs, datatype: int32}
# - {name: DELTA_SIG_MAG, datatype: float64}
# - {name: CONST_CHI2, datatype: float64}
# - {name: sf, datatype: float64}
# - {name: LNP_SIG, datatype: float64}
# - {name: period, datatype: float64}
# - {name: period_c, datatype: float64}
# - {name: power, datatype: float64}
# - {name: power_c, datatype: float64}
# - {name: upsilon_class, datatype: string}
# - {name: upsilon_prob, datatype: float64}
# - {name: upsilon_flag, datatype: float64}
# - {name: upsilon_period, datatype: float64}
# schema: astropy-2.0
SourceID filter OID RA DEC numobs DELTA_SIG_MAG CONST_CHI2 sf LNP_SIG period period_c power power_c upsilon_class upsilon_prob upsilon_flag upsilon_period
[from data line 723]
410 zr 1809211300042362 5.1092736 59.3136939 77 94.13237762451172 1.6823630810073387 9.208753944810006e-05 0.06765567807300155 0.14713518883505608 2800.0 0.20760173032397441 0.06452970701362208 EB_ED 0.4 1.0 0.051833344687061814
410 zr 806203100043522 5.1092695 59.3137048 839 103.77887725830078 1.3956749115821818 3.7179868611050545e-08 0.004431298108595907 1.5860986027690553 0.9973636584210107 0.05819333733941804 0.002387027726657376 EB_ED 0.58 1.0 1.5861430422692333
2255 zr 1809211300074777 5.0680492 59.2825631 1 nan nan nan nan nan nan nan nan nan nan nan nan
411 zr 1809211300042579 5.1134161 59.3001167 0 nan nan nan nan nan nan nan nan nan nan nan nan
412 zr 806203100043502 5.0350928 59.3140886 390 26.447500228881836 1.669878535517036 5.110725553086198e-10 0.0009349645370757366 1.035031608836016 0.9972985570099903 0.1193705663761783 0.02238148872032254 DSCT 0.93 1.0 0.10128463301729346
2256 zr 1809211300062161 5.0530392 59.28476 0 nan nan nan nan nan nan nan nan nan nan nan nan
412 zr 1809211300061873 5.035054 59.3141158 47 19.41891860961914 1.4186724373844708 0.029698292133000057 0.0014545416226735307 0.14356808908694832 2800.0 0.4343443899830512 0.1350605019209863 DSCT 0.67 1.0 0.04207018481998663
413 zr 1809211300076386 5.097669 59.2867822 24 29.148466110229492 3.441938452432192 4.333194822468416e-08 0.06753872883765702 0.17049024835879864 2800.0 0.5499608582858985 0.1432903898678521 CEPH_Other 0.33 1.0 0.853579071732128
414 zr 806203100043338 5.0528146 59.3230672 443 28.111406326293945 1.4779149581860693 8.256786092273615e-07 0.0031942124907094055 0.21047316430299168 0.9973506025481917 0.10012492970698275 0.0031412080643203424 NonVar 0.54 1.0 0.21046821802335164
419 zr 1809211300054308 5.0332672 59.3124644 10 9.97668743133545 1.2937455043349904 0.23414842951019266 6.467481546439035e-05 0.12428176914993397 0.15588039361751205 0.9900452064538473 0.8583578117958938 DSCT 0.6 1.0 0.06060843260139154
414 zr 1809211300054176 5.0527642 59.323097 51 19.458532333374023 1.713245500332721 0.0012627348716432235 0.018515989994247497 0.1395367305517102 2800.0 0.3534948688648356 0.053500806066939986 EB_EC 0.37 1.0 0.08116837296540594
416 zr 1809211300074778 5.0720292 59.2822916 46 45.948062896728516 6.26441725763845 8.631930264798766e-37 0.004976158873823276 0.12249122194280165 2800.0 0.41510868527349076 0.012285473573829909 DSCT 0.58 1.0 0.09719601305967408
415 zr 1809211300054650 5.0473087 59.2863762 5 nan nan nan nan nan nan nan nan nan nan nan nan
422 zr 1809211300073347 5.0627955 59.3250218 0 nan nan nan nan nan nan nan nan nan nan nan nan
421 zr 1809211300073445 5.0967764 59.286273 28 27.433053970336914 4.649723583270453 1.1804796004726915e-14 0.0018393646761289616 0.10622179344017982 2800.0 0.6305171550167274 0.2011051755507591 DSCT 0.6 1.0 0.032983694225177725
423 zr 1809211300008217 5.0373682 59.2913707 77 49.68488311767578 1.6517544888893172 0.00018836418867007745 0.028191947382183027 14.15564537083621 2800.0 0.22973122059017542 0.0785270935472788 NonVar 0.62 1.0 0.07628900879353834
423 zr 806203100023813 5.0373513 59.2913803 800 86.70313262939453 2.0218447106285904 4.7264118551507405e-32 0.1186826925371661 36.471814545037134 0.9973636584210107 0.0463091209878985 0.0010090113812507115 NonVar 0.64 1.0 0.0456646208603699
2257 zr 1809211300076093 5.1048735 59.2900643 0 nan nan nan nan nan nan nan nan nan nan nan nan
427 zr 1809211300062184 5.0605178 59.2829692 0 nan nan nan nan nan nan nan nan nan nan nan nan
425 zr 1809211300061800 5.0501647 59.3225374 52 16.919919967651367 1.8376028877093877 0.00022102771260812973 0.01759396242825298 0.15577903742105836 2800.0 0.3443404966369835 0.07116830886989788 DSCT 0.62 1.0 0.15577674533942837
424 zr 806203100066245 5.114617 59.3025708 315 25.106996536254883 2.048328953399511 1.14839853126362e-15 7.2608077441206e-05 0.10406960313856627 0.9973528181856686 0.16892902555970565 0.009894091628093344 DSCT 0.56 1.0 0.10406970978185104
424 zr 1809211300042539 5.1146674 59.3025118 32 14.395162582397461 1.1954109929174739 0.2096146917770605 0.00028746747385563465 0.11229562920868492 2800.0 0.6317769326742216 0.19184390549174674 DSCT 0.63 1.0 0.04834615898305023
425 zr 806203100056859 5.0501072 59.3225773 464 36.12117004394531 2.3464144838413983 3.9711784005673128e-28 6.105994128256594e-07 0.9972397879094294 0.9973855525770705 0.17047003811742326 0.9281566653681746 EB_ED 0.49 1.0 0.993238778020382
417 zr 1809211300073413 5.1135902 59.2987669 0 nan nan nan nan nan nan nan nan nan nan nan nan
420 zr 1809211300077091 5.0423919 59.3195803 6 nan nan nan nan nan nan nan nan nan nan nan nan
429 zr 806203100060355 5.111111 59.3127961 301 18.442798614501953 1.472763651241528 2.991873929738576e-05 0.002331330450674233 1.034923613285101 0.9972683213692667 0.13877646798662427 0.09094093761599044 NonVar 0.64 1.0 0.052752380945592224
433 zr 806203100051912 5.0465617 59.3214061 144 15.602778434753418 1.4911355857777322 0.0029091695926117206 0.002524148720810167 29.561204681047954 0.9972577640612771 0.27721606454612224 0.038015147375218 DSCT 0.47 1.0 0.03549267562410706
420 zr 806203100063219 5.0424842 59.3196549 116 28.886829376220703 4.017598380035007 1.0933135636882833e-25 0.0016648528577804828 0.11361002608442716 0.9972593179307967 0.331193947177973 0.06447465504251267 DSCT 0.65 1.0 0.040213422311453625
429 zr 1809211300061894 5.1111947 59.3127771 28 14.438554763793945 1.7480999047465575 0.009421168057180919 0.04768220899566364 0.24156293852156932 2800.0 0.5124517617378728 0.25012342161491674 EB_EC 0.66 1.0 0.16280426798016617
433 zr 1809211300076062 5.0466608 59.3214802 11 8.350253105163574 0.7880230429933338 0.6405346737300109 0.0006660612382214192 0.11087784309215266 2800.0 0.9649196986797672 0.9921484581389873 DSCT 0.56 1.0 0.11344311995716262
418 zr 806203100022954 5.0377274 59.3169571 430 38.1200065612793 3.6242966280820603 5.599077685259514e-81 3.1104984642759652e-21 1.0004374980626438 0.9973778092728545 0.34063452551352064 0.24345816019530533 EB_EC 0.21 1.0 1.0005026648648667
418 zr 1809211300054253 5.0377133 59.3169493 55 25.133750915527344 2.1021773652436195 2.7644704495146274e-06 0.00010017504028199331 0.21622490475023656 2800.0 0.44696968690457856 0.054937961766535495 DSCT 0.32 1.0 0.21622053770092423
428 zr 806203100064654 5.114449 59.3005695 271 23.361469268798828 1.9578070885454733 8.142895154030584e-12 3.1518921271379874e-05 0.20113663744270496 0.9972577640612771 0.2061212477858491 0.1023746610694506 DSCT 0.6 1.0 0.20113831147983569
432 zr 1809211300042464 5.1145006 59.3072853 0 nan nan nan nan nan nan nan nan nan nan nan nan
426 zr 1809211300066671 5.1137909 59.3091403 4 nan nan nan nan nan nan nan nan nan nan nan nan
434 zr 1809211300006654 5.0672119 59.3256792 77 569.3712768554688 3.1611287097246787 6.290459573369359e-21 0.7496502408370364 0.10967124007058744 2800.0 0.14170131867982466 0.0510431638628052 NonVar 0.53 1.0 0.10966831027752551
431 zr 1809211300073456 5.0950505 59.2853578 18 14.102684020996094 2.1806621003541253 0.0032911391919582837 0.010909150549052036 0.1433887569270706 2800.0 0.7451647398280873 0.6364130257142346 DSCT 0.66 1.0 0.036991358078114156
426 zr 806203100060376 5.1138146 59.3091382 35 16.022560119628906 3.8701179439494666 1.1959246266679368e-06 0.0054146193484935 0.11715442436593064 0.9972408794814703 0.8335304970551296 0.06634695409514191 DSCT 0.61 1.0 0.035411154502215325
434 zr 806203100022610 5.0671984 59.3256971 865 1020.6167602539062 3.29131815844282 5.756019329031505e-120 0.04667558952326582 922.0015367961819 0.9973636584210107 0.04533555795296578 0.07583623453491795 EB_ED 0.87 1.0 1.0012070672250561
430 zr 1809211300054637 5.1021144 59.2881727 22 13.31203842163086 1.1201394480821623 0.3167429660566513 0.07577979035794978 0.3365710506496937 2800.0 0.576486105313802 0.5291885787631012 DSCT 0.77 1.0 0.06222084887613337
2258 zr 1809211300062200 5.0739117 59.2819288 7 nan nan nan nan nan nan nan nan nan nan nan nan
428 zr 1809211300075531 5.1146831 59.3005505 27 11.087198257446289 1.172423217696347 0.2480858714609786 0.0065060033048657115 0.558895419908031 2800.0 0.6012322249107062 0.051900522546651465 EB_EC 0.36 1.0 0.3585452165363107
436 zr 806203100064597 5.0961546 59.3221521 10 nan nan nan nan nan nan nan nan nan nan nan nan
436 zr 1809211300073355 5.0960936 59.3221756 1 nan nan nan nan nan nan nan nan nan nan nan nan
432 zr 806203100060387 5.1147578 59.3073011 4 nan nan nan nan nan nan nan nan nan nan nan nan
437 zr 1809211300006746 5.0904713 59.3238497 77 779.0006713867188 4.373931661130096 1.64635977492031e-37 0.7266212249475581 1.1902147854724063 2800.0 0.14319156580602468 0.013561823415590106 NonVar 0.25 1.0 1.1900824769436928
437 zr 806203100022696 5.0904531 59.3238652 865 1311.094970703125 3.510907460691157 1.2657236950727564e-137 0.10850429358074398 1.0011407505556775 0.9973636584210107 0.041432018593814214 0.026426441858656675 EB_ED 0.85 1.0 1.0009640558009725
438 zr 806203100022862 5.1013366 59.320156 849 134.81712341308594 1.9059901602816989 7.494386049543283e-29 0.004919290527986383 0.1723861484469699 0.9973636584210107 0.056877623495667426 0.00010648522140347229 NonVar 0.5 1.0 0.17238523219913918
435 zr 806203100063377 5.1061729 59.2902923 506 49.242706298828125 4.660768915657078 1.3215430194769783e-127 9.702752704993249e-06 0.9970476678097348 0.997341720775051 0.1357785122765948 0.7764376840309309 NonVar 0.66 1.0 0.03159649903062296
438 zr 1809211300066592 5.1013415 59.3201702 76 88.00304412841797 1.7598764483921148 2.13648723236881e-05 0.01966054550370886 0.10438930775552631 2800.0 0.23283867414266188 0.006083145690520754 NonVar 0.57 1.0 0.11659099034319667
2259 zr 1809211300076684 5.0794518 59.2821179 1 nan nan nan nan nan nan nan nan nan nan nan nan
435 zr 1809211300042762 5.1062311 59.2903144 39 30.70905303955078 2.9157509741084695 1.3077899832567439e-09 0.00011998998528823112 564.1915985160117 2800.0 0.5521631086136287 0.6239480672738285 DSCT 0.23 1.0 0.04775140692723586
440 zr 806203100023777 5.0338755 59.2934281 845 517.7976684570312 2.682961785920086 8.092717032313707e-73 0.2244884103691613 0.1472443616580391 0.9973636584210107 0.04029189275293859 0.010560504983319504 NonVar 0.69 1.0 0.06181476294536471
440 zr 1809211300008109 5.0338818 59.2934212 77 348.68121337890625 2.5365582625668837 2.5596191162223575e-13 0.16939255483651144 0.18340289560404283 2800.0 0.18543762721334925 0.012590741892684205 DSCT 0.45 1.0 0.18340480535738773
441 zr 1809211300066791 5.0446825 59.286729 1 nan nan nan nan nan nan nan nan nan nan nan nan
439 zr 1809211300042148 5.0742247 59.3260104 68 25.02604866027832 1.5245533789721624 0.00309574146333722 0.0009090728188267731 0.9930825753505557 2800.0 0.33556795683959856 0.21109733376936282 DSCT 0.65 1.0 0.04672151988606339
442 zr 1809211300042294 5.1054612 59.3180726 23 14.453751564025879 2.240361697952537 0.0007312741315898621 0.009735503521450405 29.61569289854664 2800.0 0.6518307818597571 0.4562684005202912 DSCT 0.8 1.0 0.057747178839800746
439 zr 806203100043284 5.0741825 59.3260349 662 42.89484405517578 3.4252921447100126 9.623980345134e-103 2.0821625811267027e-22 232.88674953169087 0.9973722795975608 0.2637744288100633 0.07040364526930622 EB_ESD 0.38 1.0 1.00049307585704
442 zr 806203100043446 5.1055264 59.3180714 242 14.823598861694336 1.2797594803755918 0.011520157164002526 0.008363325294875212 0.4986479013223114 0.99735338689512 0.1495593735492457 0.6412044739641756 DSCT 0.71 1.0 0.09511343986655336
443 zr 1809211300054286 5.0331265 59.313835 69 46.433204650878906 1.6106814160666756 0.0006830448809238165 0.13479590830902116 12.208971082489976 2800.0 0.21316291139989088 0.017787136819606666 DSCT 0.46 1.0 0.16565504882448132
443 zr 806203100051996 5.0331369 59.3138495 741 55.12997055053711 1.6700549689711217 4.841797803210364e-16 0.01745549813641598 0.4210939239104219 0.9973636584210107 0.05837652789350318 0.0039858219452504505 NonVar 0.62 1.0 0.04532883313621831
444 zr 806203100057167 5.0401442 59.2887456 835 226.8401641845703 3.0528409070268694 9.576623190354254e-94 0.0010497815070712347 0.4963932387740198 0.9973636584210107 0.06592012781828425 0.004294283836205146 NonVar 0.54 1.0 0.49638564153827713
445 zr 806203100052080 5.1156419 59.3048531 15 nan nan nan nan nan nan nan nan nan nan nan nan
444 zr 1809211300008339 5.0401983 59.2887054 77 191.17982482910156 3.922596357752213 3.9673413452757285e-31 0.00024399854154995743 0.4990124268859033 2800.0 0.31159116760986927 0.057022823161462566 EB_ESD 0.29 1.0 0.9990264753938427
446 zr 806203100023773 5.1115448 59.2944164 841 2167.15625 5.1881874396809 2.3892249553709635e-262 0.00038045605927285875 0.9963516135693979 0.9973636584210107 0.06732746568228651 0.060679160044165764 EB_ED 0.67 1.0 0.9963691495288732
446 zr 1809211300008126 5.1115541 59.2944035 77 1060.86767578125 5.402520759379961 1.0353780286263063e-52 0.8568442981798671 0.5485955398820267 2800.0 0.1339967122832419 0.0012051168568456326 NonVar 0.61 1.0 0.5487030456118633
445 zr 1809211300054393 5.115689 59.3048764 0 nan nan nan nan nan nan nan nan nan nan nan nan
2260 zr 1809211300062205 5.0664697 59.2817047 5 nan nan nan nan nan nan nan nan nan nan nan nan
449 zr 806203100060396 5.1158742 59.3056263 41 14.88075065612793 2.3813685649622753 0.00015934535445769564 0.005848812100384389 0.19521640599091528 0.9973730832993705 0.6248285466966192 0.016166221122776155 CEPH_Other 0.65 1.0 2.7530082642534084
449 zr 1809211300054392 5.1159181 59.3056956 3 nan nan nan nan nan nan nan nan nan nan nan nan
448 zr 1809211300042363 5.0313011 59.3123508 55 24.650123596191406 1.4374268705690936 0.016190887609530007 0.4362239317173609 0.7514501542043548 2800.0 0.21897750321054388 0.018665199100133312 DSCT 0.71 1.0 0.05460605240228451
447 zr 1809211300062152 5.0989025 59.2860393 68 55.87238311767578 5.447735547887684 2.1724287036948205e-44 0.00030230186270062875 0.2299812705851449 2800.0 0.35746792062509425 0.054004406207706655 RRL_e 0.4 1.0 0.22996044508720523
2261 zr 1809211300066796 5.101623 59.2871799 1 nan nan nan nan nan nan nan nan nan nan nan nan
452 zr 1809211300042851 5.0479078 59.2850568 1 nan nan nan nan nan nan nan nan nan nan nan nan
2262 zr 1809211300054706 5.0585327 59.2824437 3 nan nan nan nan nan nan nan nan nan nan nan nan
453 zr 1809211300008631 5.0848627 59.2823207 77 961.7217407226562 5.539086917016271 8.750493226212306e-55 0.8783135556493314 0.20106400073390526 2800.0 0.13215087332818404 0.40018297178907547 NonVar 0.57 1.0 0.03068438460138231
454 zr 1809211300042883 5.0538604 59.2833596 3 nan nan nan nan nan nan nan nan nan nan nan nan
451 zr 806203100066670 5.1158335 59.3008029 184 18.4625186920166 2.0897604879776828 8.730640793597304e-11 0.032023520406871724 0.16475898910933873 0.9973506025481917 0.1704356584642565 0.021408420191783524 DSCT 0.81 1.0 0.04506645345430648
455 zr 806203100063278 5.1159738 59.306437 1 nan nan nan nan nan nan nan nan nan nan nan nan
451 zr 1809211300075530 5.1158994 59.3008582 13 11.924796104431152 1.5612006792036726 0.09514272709460452 0.14740841395612808 0.11263895576150626 2800.0 0.7614769805898758 0.5320213950616904 DSCT 0.8 1.0 0.05696089232113342
457 zr 1809211300054269 5.0335385 59.3149762 0 nan nan nan nan nan nan nan nan nan nan nan nan
450 zr 1809211300006858 5.0421284 59.3205533 71 102.46953582763672 9.58736733975348 1.636134085384594e-104 0.003626624877956516 0.12084329900040977 2800.0 0.2938790639679448 0.038145495396501576 NonVar 0.54 1.0 0.03322278943468696
456 zr 1809211300062188 5.0567409 59.2826555 2 nan nan nan nan nan nan nan nan nan nan nan nan
2263 zr 1809211300076389 5.089482 59.2830684 3 nan nan nan nan nan nan nan nan nan nan nan nan
457 zr 806203100064611 5.0333806 59.3149906 31 7.6868181228637695 1.1362829945935962 0.32459445453927344 0.011452044685168269 0.1491533970259462 0.9973256428862772 0.8642891569162162 0.2553043996908698 DSCT 0.53 1.0 0.06177745933718043
