t_zr_0518.ecsv
# %ECSV 1.0
# ---
# datatype:
# - {name: SourceID, datatype: int32}
# - {name: filter, datatype: string}
# - {name: OID, datatype: string}
# - {name: RA, datatype: float64}
# - {name: DEC, datatype: float64}
# - {name: numobs, datatype: int32}
# - {name: DELTA_SIG_MAG, datatype: float64}
# - {name: CONST_CHI2, datatype: float64}
# - {name: LNP_SIG, datatype: float64}
# - {name: period, datatype: float64}
# - {name: period_c, datatype: float64}
# - {name: power, datatype: float64}
# - {name: power_c, datatype: float64}
# - {name: upsilon_class, datatype: string}
# - {name: upsilon_prob, datatype: float64}
# - {name: upsilon_flag, datatype: float64}
# - {name: upsilon_period, datatype: float64}
# schema: astropy-2.0
SourceID filter OID RA DEC numobs DELTA_SIG_MAG CONST_CHI2 LNP_SIG period period_c power power_c upsilon_class upsilon_prob upsilon_flag upsilon_period
[from data line 1364]
752 zr 1809211300076362 5.0388718 59.3294592 8 nan nan nan nan nan nan nan nan nan nan nan
755 zr 806203100060561 5.125328 59.2896725 453 37.28308868408203 2.20748155263582 0.006741986914214735 0.5167826752581935 0.9973493234494499 0.0888223723216531 0.021503690700804916 NonVar 0.57 1.0 0.03598482424968987
756 zr 1809211300043023 5.0961794 59.2757817 13 9.070422172546387 1.0123988078585218 nan 0.10325535596448512 1.0001659648160228 4.878889615462541 0.994012695537968 EB_EC 0.26 1.0 0.07052837578458204
757 zr 1809211300061849 5.0179303 59.3172678 11 7.757640361785889 0.8044952658972582 nan 0.10694833128073505 0.10569270335182987 5.636674043027207 0.9956401289690829 EB_EC 0.3 1.0 0.1463615143460403
758 zr 1809211300054662 5.1220951 59.286839 71 38.2379264831543 2.50287739146137 0.033343164075316185 0.13106877693245603 0.9971521581194235 0.2495118840129141 0.04700840456329959 DSCT 0.82 1.0 0.08351372562700261
754 zr 806203100057025 5.0121626 59.3011722 214 21.724111557006836 1.8018997601226463 0.004942730005176275 0.1886063956602389 0.997295718081664 0.1890028859521681 0.04032002736599421 NonVar 0.52 1.0 0.03874151308369479
754 zr 1809211300054446 5.0121444 59.301192 18 10.074015617370605 1.1121590671987889 0.06971714573230925 0.2591978007816055 1.0001649165952826 0.6628699133768977 0.5274340259745554 DSCT 0.76 1.0 0.055546769965120646
759 zr 1809211300006326 5.0514612 59.3327493 79 64.48595428466797 2.525400904975808 0.10536490001588597 0.6402354830109106 0.9972164461363069 0.20189403507394807 0.013896290335371939 NonVar 0.61 1.0 0.030132419769204482
757 zr 806203100056892 5.0179182 59.3173004 131 13.242923736572266 1.4314199995241774 0.010789566042895082 0.23506515919003565 0.997272579198512 0.2707548097114728 0.06774344423401715 DSCT 0.58 1.0 0.03962491694931587
760 zr 806203100064667 5.1287449 59.2935368 689 269.62310791015625 1.5131212315779137 0.17543112412344822 0.1386895584802847 0.9973509924032099 0.05201854691873057 0.014908721982141139 EB_ED 0.85 1.0 0.06271274584269647
761 zr 1809211300070030 5.0783544 59.3344549 0 nan nan nan nan nan nan nan nan nan nan nan
759 zr 806203100051783 5.0514673 59.332768 826 144.70608520507812 4.31224557427563 0.02117424821263471 0.13314555653830845 0.9973493234494499 0.053374419697678616 0.0166756483821638 NonVar 0.45 1.0 0.05968830006035109
760 zr 1809211300070276 5.1287763 59.2935336 74 173.656005859375 2.0421640102041385 0.09362723573986248 0.16310647312798926 0.9972164461363069 0.21334945001284475 0.04228523490524819 NonVar 0.69 1.0 0.033516278451161306
6524 zr 1809211300070369 5.0582177 59.27386 0 nan nan nan nan nan nan nan nan nan nan nan
762 zr 806203100022564 5.0306254 59.3263611 159 24.270374298095703 3.0386651387178567 7.654545435604497e-05 0.1561297856747765 0.9973609417116984 0.3040353185181322 0.07792851022966607 DSCT 0.66 1.0 0.15612926366593882
6525 zr 1809211300073476 5.0394556 59.2778881 0 nan nan nan nan nan nan nan nan nan nan nan
763 zr 1809211300007040 5.1258911 59.3180213 76 51.48014450073242 2.1821147726879673 0.37759705792905784 0.11282725503156617 0.9972164461363069 0.1756771803050809 0.0702310859733872 DSCT 0.44 1.0 0.11282744147250633
763 zr 806203100022952 5.1258965 59.318034 762 48.88493347167969 1.4789750938816761 0.001627758593739685 0.1189923529444678 0.9973509924032099 0.06950271779556827 0.005562836669688622 NonVar 0.65 1.0 0.032795899839051595
764 zr 1809211300076080 5.0130661 59.2970393 20 36.9703254699707 7.946839800236743 1.7957655280145015e-06 0.6305580011930769 1.0001659648160228 0.9009068758747704 0.6930039196367771 DSCT 0.46 1.0 0.03131132562503048
765 zr 1809211300042844 5.0243056 59.284913 1 nan nan nan nan nan nan nan nan nan nan nan
6526 zr 1809211300062246 5.0434431 59.2766325 0 nan nan nan nan nan nan nan nan nan nan nan
6527 zr 1809211300061697 5.0770573 59.33473 0 nan nan nan nan nan nan nan nan nan nan nan
767 zr 1809211300042224 5.0214143 59.3209099 1 nan nan nan nan nan nan nan nan nan nan nan
766 zr 806203100052117 5.1327453 59.3039091 389 22.99366569519043 1.8498399615870627 2.6242817610863443e-05 0.5078809704380256 0.9972810236558204 0.14570798921183845 0.05806649992378533 EB_ESD 0.19 1.0 1.0724331526653605
766 zr 1809211300054435 5.1327519 59.3039358 42 10.072041511535645 0.534718557665904 0.0009580397483345507 0.9324928969966408 1.0001659648160228 0.49873962446015585 0.10653973316106853 EB_EC 0.3 1.0 14.33293325666673
768 zr 1809211300061714 5.0900422 59.3334835 2 nan nan nan nan nan nan nan nan nan nan nan
768 zr 806203100051778 5.0899449 59.3335152 48 11.343805313110352 1.8139377193669044 0.0005810325569460512 0.10046403638933005 0.9972658329086149 0.6086131089055045 0.017909207066466724 DSCT 0.8 1.0 0.10046535033077887
762 zr 1809211300074690 5.0307723 59.3266221 14 9.002439498901367 0.9348875999031806 0.3896117219068774 0.10060141987708072 0.4993414711413491 0.6265455496228 0.48179690535037867 DSCT 0.71 1.0 0.15903124054865095
769 zr 1809211300008301 5.0186504 59.2890514 81 316.0819396972656 2.293775631159443 0.8748001033954863 0.11235889541792889 0.9972164461363069 0.1324555359602948 0.09918048872875763 NonVar 0.6 1.0 0.03375927932922636
769 zr 806203100052279 5.0186282 59.289061 901 513.4599609375 2.465367014937555 0.7915560591378799 0.34654346702270744 0.9973493234494499 0.033150950663635805 0.0016335346351212879 NonVar 0.57 1.0 0.03842077960116749
770 zr 1809211300054143 5.0276173 59.3251584 54 37.5039176940918 3.0789650825681596 0.00019802258885930242 0.14339238118268766 0.9971511434580307 0.45101131608060546 0.3509974443733003 DSCT 0.55 1.0 0.09108236832796308
770 zr 806203100051875 5.027512 59.3251643 581 27.47775650024414 1.5110870581490308 0.01654022829411896 0.14120874246220882 0.9973493234494499 0.0698375519074215 0.0033942627194769545 NonVar 0.44 1.0 0.05433026729347148
771 zr 1809211300006274 5.0557552 59.3339356 70 25.596351623535156 1.5115693665326018 0.07735992935634349 0.6144718496115521 0.9971521581194235 0.23490616835877468 0.050322000570556975 NonVar 0.46 1.0 0.038020313664329224
772 zr 1809211300061693 5.0738528 59.3350571 81 275.802734375 2.110373116423716 0.44326405164193283 0.10459638477442178 0.9972164461363069 0.16084451231682362 0.01695599334562644 NonVar 0.55 1.0 0.10459490195570156
772 zr 806203100022261 5.0738354 59.3350627 931 357.400146484375 2.1004043955502123 0.5788796964729119 0.15987353063450346 0.9973493234494499 0.03371059018235771 0.0006998552457974306 NonVar 0.76 1.0 0.035899086290660416
771 zr 806203100022299 5.0557216 59.3339435 658 32.80858612060547 1.4014728528345888 0.007733383431563027 0.13703382893658098 0.9973493234494499 0.06621465358057005 0.0007872853303886699 DSCT 0.48 1.0 0.0713670939460101
775 zr 1809211300062140 5.0222554 59.2857952 3 nan nan nan nan nan nan nan nan nan nan nan
774 zr 806203100060385 5.0111323 59.3065643 133 17.602853775024414 2.100394364392574 0.00032419711033585674 0.5085795359277104 0.9972915359214594 0.3494101051143199 0.10197118366426558 NonVar 0.45 1.0 0.03996514839132747
774 zr 1809211300054362 5.0111262 59.3065838 13 19.07210350036621 5.375453909726201 0.0006658197049715345 0.10064274548637042 0.997362821113881 0.9296802487201246 0.1887563336080401 DSCT 0.6 1.0 0.07727190785943698
776 zr 806203100060443 5.1326959 59.2996087 20 10.885273933410645 1.8210639123126091 0.01683700894480024 0.4185848069791785 0.3327392084261047 0.9344645235116035 0.9279158490291062 DSCT 0.55 1.0 0.042011955770371666
777 zr 806203100052184 5.0126637 59.2963785 136 17.617183685302734 2.4214086408730897 0.0025679442358190877 1.0380717294484818 0.9973492245512618 0.2960597747249594 0.016906543404468375 RRL_c 0.51 1.0 0.26777214043849035
773 zr 806203100043501 5.1292025 59.3151457 584 35.924068450927734 1.4665083272849058 0.005378385025740314 0.10072904055026978 0.9972794600314014 0.07632020204961841 0.0037869508111207473 NonVar 0.64 1.0 0.05870398105951989
778 zr 1809211300042582 5.0116117 59.2990019 73 36.597618103027344 3.2773985058945563 1.046905093195824e-14 389.44313619591713 0.9972164461363069 0.6647455540137794 0.919485823488001 LPV_SRV_AGB_C 0.33 1.0 665.8511458499961
773 zr 1809211300042347 5.1292634 59.3151442 60 28.433019638061523 1.8838875823341559 0.02922158425713458 2.426193675168344 0.9971511434580307 0.2878375221617806 0.047281236263454283 EB_ESD 0.27 1.0 1.8051881885869534
779 zr 1809211300042002 5.0805246 59.3348741 78 50.454105377197266 1.3228172721664233 0.11184158548638869 0.2865096178287696 0.9972164461363069 0.20255050637903582 0.033804953570101694 NonVar 0.67 1.0 0.28651082007314804
779 zr 806203100022275 5.0804851 59.3348836 880 71.57965087890625 1.1380032745632442 0.08376867563320477 0.22360670412938513 0.9973493234494499 0.04597807667861512 0.0005326441206813901 EB_ED 0.71 1.0 0.07042371558854152
778 zr 806203100057047 5.0115318 59.2990325 779 47.752540588378906 4.651186349099781 3.7525309198576615e-36 600.0 0.9972794600314014 0.37223153588787933 0.12445993174170886 LPV_SRV_AGB_O 0.36 0.0 641.4192650500008
781 zr 806203100066772 5.0287458 59.3260431 81 20.74415397644043 2.874262907416034 0.003796734706890499 0.18855654180997897 0.9972801130307619 0.40159365843979106 0.10309665561504258 DSCT 0.42 1.0 0.035347183288353484
781 zr 1809211300070072 5.0287163 59.3260499 5 nan nan nan nan nan nan nan nan nan nan nan
782 zr 1809211300006383 5.0422716 59.3312833 77 36.97241973876953 1.930869289143554 0.8287015956830591 0.15071291899303121 0.9972164461363069 0.1453351088984311 0.03427080936069538 EB_ED 0.49 1.0 0.03249243117481987
776 zr 1809211300054495 5.1329106 59.2996775 1 nan nan nan nan nan nan nan nan nan nan nan
782 zr 806203100043182 5.0422529 59.3313139 746 35.50213623046875 1.2765673698638884 0.14210390720954774 0.1750396084771398 0.9973509924032099 0.047772581881469295 0.000885525942971146 EB_ED 0.46 1.0 0.043353142663199375
777 zr 1809211300076081 5.0124865 59.2962311 18 19.782617568969727 2.775677800794646 0.0017375761361414204 0.19980751099854366 0.999819018612539 0.8062603042225658 0.5422829740706082 DSCT 0.59 1.0 0.038866023843289264
6528 zr 1809211300054772 5.0456849 59.2755398 1 nan nan nan nan nan nan nan nan nan nan nan
780 zr 1809211300073479 5.107977 59.2783568 1 nan nan nan nan nan nan nan nan nan nan nan
783 zr 1809211300062075 5.014348 59.2929664 81 351.1022644042969 3.912565339257424 0.04735449747207679 0.11073324341677337 0.9972164461363069 0.21293138564523276 0.04641013347565743 NonVar 0.6 1.0 0.047161606817296184
783 zr 806203100052223 5.014325 59.2929752 905 472.57598876953125 3.9553339778727743 0.002255577520124715 0.49947723855632087 0.9973493234494499 0.06146588508327338 0.039416121191375705 NonVar 0.56 1.0 0.03418331879774551
6529 zr 1809211300054773 5.0469816 59.2751747 1 nan nan nan nan nan nan nan nan nan nan nan
784 zr 806203100052106 5.010485 59.3031022 309 22.657142639160156 1.5943904476988033 0.005612178084741965 0.12708082621091324 0.9973098680609366 0.12198219122408366 0.004240077227854872 DSCT 0.84 1.0 0.061116463078500265
6530 zr 1809211300070375 5.062292 59.2728236 0 nan nan nan nan nan nan nan nan nan nan nan
786 zr 1809211300073334 5.1020897 59.3313872 45 31.23605728149414 1.6430512666813333 0.7554631333669185 0.12169730088149393 0.9971521581194235 0.22556013133678182 0.09669676654777765 EB_ED 0.86 1.0 0.050590962645647115
785 zr 1809211300066757 5.0150899 59.291838 63 24.304834365844727 1.4856375768656047 0.03156890933748884 0.4720768472635885 0.9998536248253115 0.28128619731668136 0.0008258983498644778 DSCT 0.84 1.0 0.05112239258917175
6531 zr 1809211300054756 5.1066941 59.2778095 2 nan nan nan nan nan nan nan nan nan nan nan
787 zr 806203100022891 5.1258084 59.3194783 357 21.337772369384766 2.029506644071894 2.6671153359562657e-07 1.0321634842955714 0.9972549595539651 0.19353768674498012 0.053043595903847135 RRL_ab 0.86 1.0 0.5079014053030305
784 zr 1809211300066696 5.0102941 59.3031367 34 10.737383842468262 0.7426027247397631 0.0004829948330074714 0.2338408686031447 0.9974593581424834 0.5949738065530705 0.1776328812385996 DSCT 0.61 1.0 0.04422898200605898
787 zr 1809211300042279 5.1258296 59.3194826 41 21.654626846313477 2.124261856874843 0.010031927502800055 0.10492843919852922 0.9973820334436908 0.43792095616491145 0.007558807452671925 DSCT 0.54 1.0 0.04354161861540557
6532 zr 1809211300066863 5.0670938 59.2724363 1 nan nan nan nan nan nan nan nan nan nan nan
6533 zr 1809211300070205 5.1337292 59.3065841 1 nan nan nan nan nan nan nan nan nan nan nan
789 zr 1809211300009072 5.0794604 59.2725212 81 736.9513549804688 3.9001703674488137 0.8181915832030644 0.1451538477334263 0.9972164461363069 0.13699398126886214 0.0297408433319755 NonVar 0.72 1.0 0.0348713580271804
790 zr 806203100063162 5.0890032 59.3343219 80 14.2537841796875 1.8351775010118545 0.0011401337933433589 194.51481691778645 0.9972376498051609 0.44749726800301215 0.13825242979107102 LPV_SRV_AGB_O 0.63 1.0 201.47770254999946
790 zr 1809211300042014 5.089121 59.3343144 7 nan nan nan nan nan nan nan nan nan nan nan
791 zr 1809211300054278 5.0133941 59.3141233 7 nan nan nan nan nan nan nan nan nan nan nan
788 zr 1809211300054054 5.0924867 59.3337979 58 15.903838157653809 1.2802981955297366 0.04926307911039363 0.1468291801026718 1.0001911039031424 0.2920601831810709 0.026374314334967095 DSCT 0.58 1.0 0.03442031965659391
6534 zr 806203100060392 5.1338518 59.3069253 5 nan nan nan nan nan nan nan nan nan nan nan
793 zr 1809211300054175 5.0220739 59.3226616 1 nan nan nan nan nan nan nan nan nan nan nan
788 zr 806203100051769 5.0924749 59.3338309 581 28.806812286376953 1.5383690452043561 0.0059152240437210625 0.9972810236558204 0.9972810236558204 0.07652895945872154 0.9558841448126367 DSCT 0.57 1.0 0.060749509675583166
6535 zr 1809211300073405 5.0100899 59.3020454 1 nan nan nan nan nan nan nan nan nan nan nan
794 zr 1809211300074700 5.0230155 59.3233581 0 nan nan nan nan nan nan nan nan nan nan nan
795 zr 1809211300042996 5.04058 59.2765493 81 66.93266296386719 1.5000174014702399 0.0029977550081108128 0.13640270729552492 0.9972164461363069 0.26938171760195073 0.005211218750087831 NonVar 0.52 1.0 0.03492073663825861
791 zr 806203100043495 5.0132531 59.3141726 59 12.526566505432129 1.2330221398625802 0.007148212735349166 0.17887824554747062 0.9973475971323251 0.5179961829659665 0.15683788386804548 DSCT 0.6 1.0 0.04384402722187403
6536 zr 1809211300008773 5.0350035 59.2783674 51 20.064727783203125 2.6148048971428173 0.00017124238439189383 0.5002418497679455 0.9971347005461909 0.4581808517139253 0.6336393710541335 EB_ESD 0.46 1.0 1.0004758035195092
792 zr 1809211300066735 5.012283 59.2950305 5 nan nan nan nan nan nan nan nan nan nan nan
792 zr 806203100052195 5.0122561 59.2949674 90 16.841733932495117 2.501768276601343 0.008361951364140452 0.15854286287635483 0.9972837572486691 0.3473462043548413 0.08726383704178753 RRL_ab 0.38 1.0 0.336822896322667
798 zr 1809211300074694 5.0256782 59.3251461 8 nan nan nan nan nan nan nan nan nan nan nan
799 zr 1809211300077081 5.1281091 59.2898762 7 nan nan nan nan nan nan nan nan nan nan nan
800 zr 1809211300054790 5.0964801 59.2745717 20 23.419403076171875 3.208862433120354 0.00447459391522719 0.5001266782748561 1.0004125915735882 0.7315139204643848 0.9608191383743326 DSCT 0.5 1.0 0.030627535695830706
801 zr 1809211300070313 5.125858 59.2876661 53 33.61977005004883 5.920053913719938 0.0010489273333245664 0.9962220596653726 0.9971336696092179 0.4111784475705733 0.48348499030503167 EB_ESD 0.5 1.0 0.9981836038167861
797 zr 1809211300043013 5.1053002 59.2768779 47 17.290157318115234 1.4200308915534465 0.021384607263896134 8.514035236438355 1.000190072504005 0.36550160514238345 0.07593093383016379 DSCT 0.64 1.0 0.043752184254964
796 zr 1809211300070128 5.0140578 59.3157467 0 nan nan nan nan nan nan nan nan nan nan nan
802 zr 1809211300042601 5.0106058 59.2980966 72 38.08267593383789 1.7689095557992285 0.12662432292314432 0.20274941984032094 0.9971521581194235 0.2129888515715788 0.12191152585685926 RRL_e 0.62 1.0 0.23657761057692034
