t_zr_0928.ecsv
# %ECSV 1.0
# ---
# datatype:
# - {name: SourceID, datatype: int32}
# - {name: filter, datatype: string}
# - {name: OID, datatype: string}
# - {name: RA, datatype: float64}
# - {name: DEC, datatype: float64}
# - {name: numobs, datatype: int32}
# - {name: DELTA_SIG_MAG, datatype: float64}
# - {name: CONST_CHI2, datatype: float64}
# - {name: sf, datatype: float64}
# - {name: rmse, datatype: float64}
# - {name: LNP_SIG, datatype: float64}
# - {name: period, datatype: float64}
# - {name: period_c, datatype: float64}
# - {name: power, datatype: float64}
# - {name: power_c, datatype: float64}
# - {name: mean, datatype: float64}
# - {name: std, datatype: float64}
# - {name: min, datatype: float64}
# - {name: max, datatype: float64}
# - {name: sigma_mean, datatype: float64}
# - {name: sigma_std, datatype: float64}
# - {name: gaussian1_err, datatype: float64}
# - {name: gaussian2_err, datatype: float64}
# - {name: lorentzian_err, datatype: float64}
# - {name: shape, datatype: string}
# - {name: upsilon_class, datatype: string}
# - {name: upsilon_prob, datatype: float64}
# - {name: upsilon_flag, datatype: float64}
# - {name: upsilon_period, datatype: float64}
# schema: astropy-2.0
SourceID filter OID RA DEC numobs DELTA_SIG_MAG CONST_CHI2 sf rmse LNP_SIG period period_c power power_c mean std min max sigma_mean sigma_std gaussian1_err gaussian2_err lorentzian_err shape upsilon_class upsilon_prob upsilon_flag upsilon_period
[from data line 1309]
1117 zr 806203100043674 4.9953523 59.3037878 341 16.40618133544922 1.337765317108483 0.9999305177645077 0.18723531067371368 2.0358048458816738e-07 1.034968100862041 0.997343815080248 0.20187334267152204 0.06272097827179736 20.789636611938477 0.18723531067371368 20.268592834472656 21.206113815307617 -0.09462006390094757 1.166333794593811 0.10696665064242614 0.09140204792539229 0.13071219266374093 g2 LPV_SRV_AGB_O 0.3 1.0 29.586671658823562
1122 zr 1809211300054132 5.0086261 59.3260386 28 21.5639705657959 3.508965653090434 0.009017875526734529 0.2676979899406433 0.0006770456307391053 0.49938947144451795 2800.0 0.6614076679650668 0.984991583222652 20.912179946899414 0.2676979899406433 20.091533660888672 21.279447555541992 -0.21828651428222656 1.891430377960205 0.13486799039664504 0.03327176811794885 0.15779858224736545 g2 NonVar 0.46 1.0 0.03126514296704624
1122 zr 806203100022565 5.0085774 59.3261139 254 16.968238830566406 1.4819359758885111 0.9930223959247239 0.2176978588104248 0.0004332650639087831 29.391363117002637 0.9972119905907687 0.18083723887092498 0.07483675310065104 21.021841049194336 0.2176978588104248 20.367517471313477 21.56429672241211 -0.10361619293689728 1.2274904251098633 0.006645849572892029 0.007739436136604871 0.019673156555990567 g1 DSCT 0.9 1.0 0.09236025389292427
1128 zr 1809211300007473 4.9952083 59.306621 76 45.76201248168945 1.1061033298323657 0.9994125895004903 0.06366550177335739 0.1441538646730054 0.27016537233920207 2800.0 0.20899771399451245 0.07393582385032575 19.286205291748047 0.06366550177335739 19.09623908996582 19.453659057617188 -0.048003412783145905 1.0481467247009277 0.6844130936573238 0.47635897208306555 1.1321992211381222 g2 NonVar 0.68 1.0 0.03917600653084085
1128 zr 806203100023335 4.9952028 59.3066257 809 58.220863342285156 1.353994339736062 0.9999999505252174 0.07607681304216385 0.06364546571156986 0.2564831629415463 0.997336033066433 0.04945929305638337 0.00522950686006631 19.30066680908203 0.07607681304216385 19.019073486328125 19.570253372192383 -0.061796076595783234 1.16727614402771 0.06227663970057704 0.02066600431179683 0.07691023982812485 g2 NonVar 0.62 1.0 0.03303932527716675
1130 zr 1809211300062291 5.0382565 59.2684848 14 10.92813491821289 1.6642668605539914 0.6260834259489897 0.2358304262161255 0.013333602972281687 0.2497736240166801 2800.0 0.8372802112128065 0.12904437832154808 21.065715789794922 0.2358304262161255 20.680999755859375 21.515613555908203 -0.1166449636220932 1.25955331325531 0.7734372145857337 0.9395694214533761 0.7514618907509879 l DSCT 0.77 1.0 0.04616095285238567
1131 zr 1809211300041892 5.0703411 59.3432862 74 51.369781494140625 1.450724426022821 0.9628501004952871 0.07462344318628311 0.0972617313052368 0.2032799312079745 2800.0 0.22347949291589195 0.012969336009531934 19.2807674407959 0.07462344318628311 19.094364166259766 19.521629333496094 -0.06539101898670197 1.2015630006790161 0.8453031971233212 0.7623094630706295 0.7686599889256811 g2 NonVar 0.58 1.0 0.033072643123833186
1131 zr 806203100021944 5.0703294 59.3432901 826 64.2353286743164 1.044481191935898 1.0 0.06716004759073257 0.007822536424060136 0.10072266250524302 0.997336033066433 0.057870285881405775 0.0038068247716656466 19.307497024536133 0.06716004759073257 18.97244644165039 19.566259384155273 -0.04791398346424103 1.024277687072754 0.09053036840207564 0.0013365230857847656 0.08622468866788456 g2 NonVar 0.64 1.0 0.10072181232678998
1132 zr 806203100060553 5.1445928 59.2903703 831 179.8429412841797 2.3512427690813253 0.007680091912988202 0.046096768230199814 0.17336742080403744 0.5027705955085608 0.997336033066433 0.04532292532265327 0.10131186169241296 18.10873031616211 0.046096768230199814 17.932483673095703 18.270780563354492 -0.04028932750225067 1.5331536531448364 0.043996654006485135 0.04013256867916067 0.6925471522643577 g2 NonVar 0.61 1.0 0.03112616423757896
1135 zr 1809211300043034 5.1263228 59.2757963 77 51.52935028076172 1.126981935665669 0.9992416751044273 0.04922274127602577 0.07175199200454098 0.10722468815024579 2800.0 0.22338852410556767 0.0013790553552575184 18.89647674560547 0.04922274127602577 18.76590347290039 18.98876953125 -0.036404747515916824 1.0565673112869263 4.865268407299162 4.57016878463076 5.289237696123669 g2 NonVar 0.6 1.0 0.0968153189667734
1132 zr 1809211300008345 5.1446778 59.2903465 77 139.9604949951172 2.2628851365547753 0.20304308607977667 0.04160134494304657 0.23878390266950505 0.20037377514208563 2800.0 0.19357435694626557 0.03678649374933249 18.10509490966797 0.04160134494304657 17.996063232421875 18.216598510742188 -0.03709030896425247 1.4958665370941162 4.7769862457477785 1.6809610452114694 5.03659436044906 g2 NonVar 0.38 1.0 0.0752161583639965
1137 zr 1809211300008696 5.1361191 59.2817423 72 34.135650634765625 1.684164242615854 0.8260857838641043 0.11259578913450241 0.722631573133716 0.10275197425172285 2800.0 0.1650211027856082 0.013029136612217542 19.802946090698242 0.11259578913450241 19.48949432373047 20.089244842529297 -0.1043097972869873 1.3019185066223145 0.10094642022481408 0.13107945609440033 0.128445333293469 g1 NonVar 0.62 1.0 0.07418723827470676
1139 zr 1809211300042003 5.1187934 59.3354119 77 229.35450744628906 1.6096198527271166 0.8919216013585711 0.020080003887414932 7.724830309239101e-06 0.5002470453319311 2800.0 0.40066253338775937 0.4938442024544585 16.943302154541016 0.020080003887414932 16.879589080810547 16.995147705078125 -0.009381731040775776 1.260546088218689 17.600641888709102 1.017206334844095 12.818330931875305 g2 EB_ESD 0.7 1.0 0.5002610833960837
1140 zr 1809211300005880 5.0841707 59.3429295 77 91.34088897705078 1.2659233323044807 0.9948235584771039 0.03177684172987938 0.04863272619903943 0.3063005689257686 2800.0 0.2321853325116529 0.013943305399159061 18.129249572753906 0.03177684172987938 18.055858612060547 18.20294189453125 -0.021458640694618225 1.1184135675430298 7.072055862422029 12.220778786948216 7.704557537009455 g1 RRL_c 0.22 1.0 0.3062917098893495
1139 zr 806203100022270 5.1187805 59.3354318 868 252.41751098632812 1.3482921679996178 0.99999998484658 0.02072608284652233 1.6652281711188475e-16 1608.4660693605288 0.997336033066433 0.1820000880393843 0.18339449708223257 16.955585479736328 0.02072608284652233 16.86475372314453 17.025470733642578 -0.00825417973101139 1.1599644422531128 0.33716331597475074 0.5900359830836599 3.767590373063321 g1 NonVar 0.47 0.0 1511.901550900002
1140 zr 806203100021964 5.084146 59.3429428 868 142.8382110595703 0.8808109158864798 1.0 0.028885167092084885 0.0560666057318507 0.5329714988470883 0.997336033066433 0.04752881140478565 0.00319957891542829 18.132041931152344 0.028885167092084885 17.979496002197266 18.249961853027344 -0.015657896175980568 0.9378749132156372 0.0848126190151599 0.007087669062382248 1.4261133736442428 g2 EB_ED 0.71 1.0 0.03571449108024477
1144 zr 1809211300008868 5.0173314 59.2758513 75 41.49988555908203 1.3348426937899578 0.9877049943455032 0.07313035428524017 0.0020015807950097336 0.15042237879382367 2800.0 0.3057525302498584 0.004452236824876204 19.377500534057617 0.07313035428524017 19.160659790039062 19.516084671020508 -0.06024644151329994 1.1526036262512207 1.1267828352000389 1.3860037437344406 1.081282849166764 l DSCT 0.65 1.0 0.1504236480584161
1148 zr 806203100051854 5.0092304 59.3271575 98 18.172388076782227 2.156165982761261 0.31231449925457194 0.2612905502319336 7.805131770034567e-05 0.9997501434851084 0.9973458274364851 0.40416952730703837 0.8146340632009825 21.22394371032715 0.2612905502319336 20.352306365966797 21.729782104492188 -0.13846738636493683 1.4803968667984009 0.06348123783461167 0.04455285201200206 0.054126203996267455 g2 NonVar 0.48 1.0 0.030756259179399083
1146 zr 1809211300054062 5.1231969 59.3337427 67 28.852859497070312 1.6576935894943174 0.8381101124923827 0.12974821031093597 0.09407504900891066 2.4049809559912783 2800.0 0.24323328788333254 0.07994035303590523 20.008337020874023 0.12974821031093597 19.65744400024414 20.402713775634766 -0.11723757535219193 1.2946871519088745 0.1793594603223939 0.053519132523623614 0.09476957653461422 g2 DSCT 0.7 1.0 0.20744585934426266
1149 zr 1809211300006041 5.1057054 59.3396352 77 146.8704376220703 1.061271067867545 0.9997466812080056 0.018991632387042046 0.005692473640920865 0.11282416218050312 2800.0 0.2782017707327445 0.05464569436135357 17.3311767578125 0.018991632387042046 17.27937126159668 17.38115692138672 -0.008737313561141491 1.023579478263855 3.920800834564107 4.421296277682538 4.0005068210878925 g1 DSCT 0.5 1.0 0.10135734514455703
1146 zr 806203100051779 5.123234 59.333746 674 30.85673713684082 1.307641313028016 0.9999999770886535 0.12373995780944824 0.016475756748736563 0.12114459895157377 0.997336033066433 0.06158875576519319 0.006087665152963194 20.03502082824707 0.12373995780944824 19.60196876525879 20.494779586791992 -0.0937824547290802 1.1539684534072876 0.044482519276947456 0.02167209872298898 0.08088192978643019 g2 DSCT 0.64 1.0 0.07337546958990546
1149 zr 806203100022096 5.1056846 59.3396507 870 230.49571228027344 1.2214500841894909 0.9999999999961207 0.022777996957302094 6.657657679313066e-09 0.9979943667669189 0.997336033066433 0.11431043872466007 0.1297084791019605 17.341533660888672 0.022777996957302094 17.22837257385254 17.424715042114258 -0.010624677874147892 1.1041301488876343 0.33146952283161946 0.05928810429159229 0.9981658807357118 g2 EB_ED 0.32 1.0 0.997954819075909
1145 zr 806203100063222 4.999857 59.3186783 61 14.192832946777344 1.785532844846189 0.6440393174912664 0.24600277841091156 0.014381919717127684 0.12457854450884401 0.4993363937230889 0.48249884480347327 0.04858832875065898 21.15821075439453 0.24600277841091156 20.543148040771484 21.6397705078125 -0.12026907503604889 1.3341494798660278 0.16231537940810048 0.0920050498098625 0.16179307302663598 g2 DSCT 0.53 1.0 0.03545727730978639
1155 zr 1809211300007409 4.9945496 59.3081613 76 65.04103088378906 1.2186939681586713 0.9969830010676601 0.04749266430735588 0.5658279270670094 0.3333170925326463 2800.0 0.16868181964485154 0.6062115089761586 18.785202026367188 0.04749266430735588 18.67047691345215 18.922752380371094 -0.03599117323756218 1.0984278917312622 2.1685523209428723 2.111226716113189 1.5980242854848505 l DSCT 0.63 1.0 0.07733054577464778
1155 zr 806203100023283 4.9945436 59.308178 843 92.0987777709961 1.1966615064418347 0.9999999999985114 0.05200511962175369 0.026842897287944614 0.1185922338262253 0.997336033066433 0.05238900552674957 0.007452020836099778 18.799633026123047 0.05200511962175369 18.584228515625 19.00763511657715 -0.038558438420295715 1.094675898551941 0.21898408572934747 0.0437475879589186 0.3385345216123557 g2 EB_ED 0.85 1.0 0.11859291566961265
1158 zr 806203400051343 5.0935914 59.2655585 223 19.135696411132812 0.9719793557364889 0.9999998211273814 0.13725100457668304 0.008217465164182128 0.1691744677772556 0.9973357126290449 0.17507687189703894 0.0005733027054687534 20.47368049621582 0.13725100457668304 20.031213760375977 20.846895217895508 -0.07540243119001389 0.991305410861969 0.2397386122942251 0.03270530038816073 0.2601025804554013 g2 DSCT 0.54 1.0 0.04388835431062869
1156 zr 1809211300042882 5.0060532 59.2825505 38 15.016044616699219 1.1453724643078047 0.982710479700711 0.17538690567016602 0.045880750098446964 0.16591144500478192 2800.0 0.40733755855088377 0.023244704772760343 20.662086486816406 0.17538690567016602 20.342552185058594 21.22241973876953 -0.08984103053808212 1.0670161247253418 0.15647823008978384 0.2523225666019455 0.19768302146909086 g1 DSCT 0.35 1.0 0.030998466032221065
1158 zr 1809211300054904 5.0936534 59.2655134 52 18.21750831604004 1.2400084301533734 0.9849035565412875 0.1601911187171936 0.4173360867258394 0.15026010587530503 2800.0 0.24234272362818804 0.05349362237317215 20.40591812133789 0.1601911187171936 20.10004997253418 20.912866592407227 -0.1098593920469284 1.1182888746261597 0.2377412778555497 0.10142752744695241 0.14348722539177478 g2 EB_ED 0.54 1.0 0.04743084970549753
1160 zr 806203100066751 5.1502486 59.305515 29 11.048783302307129 3.1640936303313505 0.07561106519069445 0.33106374740600586 2.306819811622308e-05 0.11028865422524922 0.4993130753056281 0.9385473795992076 0.006497662181853006 21.340160369873047 0.33106374740600586 20.76871681213379 21.705810546875 -0.20083823800086975 1.757499098777771 1.027879858412984 0.661981077379175 0.9153343014040303 g2 DSCT 0.69 1.0 0.08405641854938775
1161 zr 1809211300043163 5.1087234 59.2686018 13 16.121856689453125 2.8991681012490136 0.13533277098452606 0.2695474326610565 0.002483484717121058 0.10850932006044577 2800.0 0.9079261428321976 0.26473417769908175 20.983293533325195 0.2695474326610565 20.376785278320312 21.452985763549805 -0.18652497231960297 1.672839879989624 0.3359437325849974 0.2820386989123893 0.24490855732187364 l DSCT 0.59 1.0 0.1794886073698988
1167 zr 806203100043530 4.9953013 59.3120319 166 12.110193252563477 1.3655982205159638 0.9928406299347037 0.22485962510108948 0.0020350110333507898 0.1111619615812823 0.9973035465462744 0.24071515514935152 0.004274188419056962 21.119749069213867 0.22485962510108948 20.623376846313477 21.54129981994629 -0.09862124174833298 1.175203800201416 0.13953429920898955 0.13398460208384 0.13533531113872005 g2 DSCT 0.49 1.0 0.11116191257934224
1169 zr 1809211300006594 5.0065607 59.3259165 48 22.80948257446289 3.48555950795212 0.0012134065888411607 0.30270370841026306 7.450980386893959e-09 1.001944363560865 2800.0 0.6787986665926847 0.5728941775129092 20.507192611694336 0.30270370841026306 20.071521759033203 21.42831802368164 -0.31558334827423096 1.9171375036239624 0.1311931875908025 0.07153623621590749 0.07915786359699149 g2 EB_ED 0.55 1.0 0.9991975159566271
1167 zr 1809211300007223 4.995287 59.3120584 13 13.608007431030273 2.5772442237593163 0.2170636920297899 0.2758285701274872 0.0035629283537225763 0.10811410890926064 2800.0 0.89904942707484 0.4361147909332238 20.91017723083496 0.2758285701274872 20.493661880493164 21.438278198242188 -0.18158648908138275 1.574108600616455 0.6903235210099284 1.2080662376105271 0.6931608208528959 g1 DSCT 0.55 1.0 0.037932439820321955
1169 zr 806203100043276 5.0065292 59.3258936 323 26.67962646484375 4.066853042940797 5.4705695548867264e-18 0.31662634015083313 2.6338195470790243e-32 594.3204539600974 0.997343815080248 0.5172072922397014 0.10212753892270537 20.73078727722168 0.31662634015083313 19.900371551513672 21.44940757751465 -0.2951158583164215 2.0818557739257812 0.013330399692978662 0.0135576516026173 0.02159005298221517 g1 LPV_SRV_AGB_C 0.32 0.0 565.8450954750006
1168 zr 1809211300005920 5.0444397 59.3413809 26 10.675128936767578 1.0885702810234763 0.9681561621112705 0.16500267386436462 0.11627042535771447 16.17488329989106 2800.0 0.4978226536445436 0.03491559151486393 20.807151794433594 0.16500267386436462 20.45965576171875 21.069318771362305 -0.07533572614192963 1.0320537090301514 1.2754931568761587 0.6599740059861025 0.8860092167668879 g2 DSCT 0.81 1.0 0.049458185057101124
1164 zr 1809211300006085 5.1110604 59.338663 30 10.790372848510742 0.9206503013784009 0.9942063237009054 0.1628432422876358 0.0934114009549227 0.11472595340778917 2800.0 0.45623984608900386 0.1778533802230888 20.851579666137695 0.1628432422876358 20.512779235839844 21.17892074584961 -0.06651753932237625 0.9504897594451904 0.6315016224576198 0.36324469998616565 0.6378060544741376 g2 DSCT 0.77 1.0 0.05408194863743069
