t_zr_0307.ecsv
# %ECSV 1.0
# ---
# datatype:
# - {name: SourceID, datatype: int32}
# - {name: filter, datatype: string}
# - {name: OID, datatype: string}
# - {name: RA, datatype: float64}
# - {name: DEC, datatype: float64}
# - {name: numobs, datatype: int32}
# - {name: DELTA_SIG_MAG, datatype: float64}
# - {name: CONST_CHI2, datatype: float64}
# - {name: sf, datatype: float64}
# - {name: rmse, datatype: float64}
# - {name: LNP_SIG, datatype: float64}
# - {name: period, datatype: float64}
# - {name: period_c, datatype: float64}
# - {name: power, datatype: float64}
# - {name: power_c, datatype: float64}
# - {name: mean, datatype: float64}
# - {name: std, datatype: float64}
# - {name: min, datatype: float64}
# - {name: max, datatype: float64}
# - {name: sigma_mean, datatype: float64}
# - {name: sigma_std, datatype: float64}
# - {name: gaussian1_err, datatype: float64}
# - {name: gaussian2_err, datatype: float64}
# - {name: gumbel_err, datatype: float64}
# - {name: g2_flag, datatype: float64}
# - {name: Pg1g2, datatype: float64}
# - {name: Pgug2, datatype: float64}
# - {name: Pg1gu, datatype: float64}
# - {name: shape, datatype: string}
# - {name: upsilon_class, datatype: string}
# - {name: upsilon_prob, datatype: float64}
# - {name: upsilon_flag, datatype: float64}
# - {name: upsilon_period, datatype: float64}
# - {name: identifier, datatype: string}
# - {name: dist, datatype: float64}
# - {name: type, datatype: string}
# - {name: Gaia_count, datatype: int32}
# - {name: multiflag, datatype: int32}
# - {name: GaiaDist, datatype: float64}
# - {name: fluxratio, datatype: float64}
# - {name: Gmag, datatype: float64}
# - {name: RFG, datatype: float64}
# - {name: Plx, datatype: float64}
# - {name: e_Plx, datatype: float64}
# - {name: Plxflag, datatype: int32}
# - {name: var, datatype: string}
# - {name: lc_var, datatype: string}
# - {name: var_flag, datatype: bool}
# schema: astropy-2.0
SourceID filter OID RA DEC numobs DELTA_SIG_MAG CONST_CHI2 sf rmse LNP_SIG period period_c power power_c mean std min max sigma_mean sigma_std gaussian1_err gaussian2_err gumbel_err g2_flag Pg1g2 Pgug2 Pg1gu shape upsilon_class upsilon_prob upsilon_flag upsilon_period identifier dist type Gaia_count multiflag GaiaDist fluxratio Gmag RFG Plx e_Plx Plxflag var lc_var var_flag
[from data line 2288]
2052 zr 806203100021396 5.019262 59.3570574 851 70.82902526855469 1.1790697720574863 0.9999999999997857 0.05964791402220726 0.06428838766845146 0.343088442468384 0.997336033066433 0.04737324084843685 0.007229821294497797 19.016447067260742 0.05964791402220726 18.804479598999023 19.256580352783203 -0.04497386887669563 1.0873991250991821 0.09709634849235357 0.0717778361433468 0.48615418381419256 1.0 0.2829186717972454 0.012964728182086382 0.9751563336445062 g1 EB_ED 0.97 1.0 0.061793499444149344 "" nan "" 1 0 0.106969 0.0 19.041309 495.357 0.1746 0.2171 0 N N False
2054 zr 1809211300041993 4.9706142 59.3335102 27 11.565034866333008 1.2270515566826334 0.9373587631280718 0.1857038140296936 0.0026632047454448753 0.1152611777209821 2800.0 0.6339620060475419 0.05625719788749346 20.82483673095703 0.1857038140296936 20.474021911621094 21.17486000061035 -0.08895059674978256 1.098008632659912 1.024470941066754 1.6509829700857441 1.0298178727251952 0.0 0.9470073317383501 0.942305880029429 0.5026511895895321 g1 DSCT 0.52 1.0 0.1152576834435316 "" nan "" 1 0 0.11716 0.0 20.755428 61.229 0.7634 1.2142 0 N N False
2048 zr 806203100060421 5.1889314 59.3036106 14 14.920119285583496 3.968540795335924 0.03685193925256934 0.35058164596557617 0.00448466289627257 0.24219948091091098 1.0001380242224946 0.9560463768120749 0.417404131282136 21.420108795166016 0.35058164596557617 20.602500915527344 21.9272518157959 -0.22654399275779724 1.9396231174468994 0.7372677610762389 1.0153170988216254 0.7961805484498364 1.0 0.7855593518003956 0.7042378085949678 0.5390846643523749 g1 DSCT 0.4 1.0 0.2327043793925782 "" nan "" 0 0 0.0 0.0 0.0 0.0 0.0 0.0 0 N N False
2055 zr 1809211300004930 5.0571076 59.3630611 76 44.2234992980957 1.2955342167156931 0.9923144879280293 0.07922543585300446 0.010459822863199852 0.10631865643601633 2800.0 0.26864057905784977 0.030993483870912622 19.404376983642578 0.07922543585300446 19.222761154174805 19.679288864135742 -0.06684547662734985 1.1363297700881958 0.20311073835595383 0.12291300620878917 0.14856139035102897 0.0 0.19640553479927325 0.345698420516954 0.3451356678934967 gu EB_ED 0.48 1.0 0.03430037012417064 "" nan "" 1 0 0.023506 0.0 19.416285 407.651 0.2241 0.2645 0 N N False
2056 zr 806203400000398 5.0322486 59.2477952 508 31.051916122436523 1.5065536751789257 0.9992878256328064 0.14089785516262054 0.00848742264810238 0.21055541203074044 0.997336033066433 0.08565152575426699 0.012875345006700014 20.135040283203125 0.14089785516262054 19.63419532775879 20.634794235229492 -0.11350690573453903 1.2415813207626343 0.09211097168140278 0.08520238508253929 0.104071489622736 0.0 0.41967510445382694 0.3393436311316965 0.5619077321452826 g1 NonVar 0.52 1.0 0.09580113322842973 "" nan "" 1 0 0.057726 0.0 20.133797 254.822 0.7091 0.4279 1 N N False
2055 zr 806203100021190 5.0570801 59.3630718 810 51.29328155517578 1.1787388561335201 0.9999999999994856 0.08495336025953293 0.15017741875244972 0.2891300598312397 0.997336033066433 0.04469979261790957 0.0020131738695952565 19.422285079956055 0.08495336025953293 19.21022605895996 20.155057907104492 -0.06707222759723663 1.0900602340698242 0.010419258333306956 0.00015410354402386494 0.0413044264132571 0.0 0.0001335517696883226 8.516249400902787e-06 0.9552203124181357 g2 EB_ED 0.87 1.0 0.03477394431436593 "" nan "" 1 0 0.023506 0.0 19.416285 407.651 0.2241 0.2645 0 N N False
2056 zr 1809211300010162 5.0322517 59.2477672 61 22.19283103942871 1.2557429851680562 0.9893563683407981 0.12740327417850494 0.8296171348173154 0.11316771466212391 2800.0 0.1769789477823022 0.018654606246844885 20.11408233642578 0.12740327417850494 19.82548713684082 20.497039794921875 -0.10118801891803741 1.124929428100586 0.3452806050574989 0.2673003808280168 0.2815282653495013 0.0 0.3072868213074611 0.438808408541866 0.39728863049559704 gu NonVar 0.49 1.0 0.03314852844711187 "" nan "" 1 0 0.057726 0.0 20.133797 254.822 0.7091 0.4279 1 N N False
2054 zr 806203100022278 4.9704332 59.333588 294 20.488906860351562 1.8275556891044766 0.7984508856317616 0.23778119683265686 0.0004478969097106338 1.034968100862041 0.997343815080248 0.14810109369977048 0.1827140713231538 20.92966651916504 0.23778119683265686 20.206993103027344 21.615589141845703 -0.13085120916366577 1.368195652961731 0.013569551370258654 0.013280150231514635 0.014556151269235497 1.0 0.4619159014162174 0.4098613891088009 0.5356937751376512 g1 RRL_ab 0.41 1.0 0.5026383259826787 "" nan "" 1 0 0.11716 0.0 20.755428 61.229 0.7634 1.2142 0 N N False
2060 zr 806203400000294 5.0166888 59.2512419 576 121.90287017822266 1.3672599446608915 0.9999943132951021 0.04927552863955498 0.07195451243515014 0.5570873234070801 0.9999745929464803 0.06648357076326403 0.00023034808833823564 18.65743637084961 0.04927552863955498 18.42856216430664 18.873973846435547 -0.03850466385483742 1.1692731380462646 0.05525045314526498 0.014205674537802259 0.2250881867728218 1.0 0.03843383310987181 0.0024091000251608152 0.9581081512999404 g1 EB_ED 0.77 1.0 0.05319351518389086 "" nan "" 1 0 0.078167 0.0 18.666073 710.951 0.342 0.1614 1 N N False
2060 zr 1809211300009976 5.0167239 59.2512146 76 68.40104675292969 1.0722405879433121 0.9996654264513807 0.039818160235881805 0.4059695439251215 0.7111867447269066 2800.0 0.1801458563105504 0.0005213713279185893 18.640371322631836 0.039818160235881805 18.517284393310547 18.72484588623047 -0.02744337171316147 1.0297702550888062 2.7696185778120603 2.8328804712453834 2.7837857388114364 1.0 0.4973260002971228 0.4931266435455983 0.5025984914140424 g1 NonVar 0.62 1.0 0.7112912651498989 "" nan "" 1 0 0.078167 0.0 18.666073 710.951 0.342 0.1614 1 N N False
2057 zr 806203100043896 4.9573783 59.2917736 71 17.711212158203125 2.697923126122654 0.07148834495745267 0.28200194239616394 0.0010211751402337667 0.1235478228393914 1.0000369752768852 0.5040350786885527 0.08035314719622058 21.142969131469727 0.28200194239616394 20.37913703918457 21.737503051757812 -0.17260630428791046 1.6542410850524902 0.2751493193424377 0.23559071287287436 0.35476322569878105 1.0 0.36713770403176116 0.23295366839311438 0.6270371555966733 g1 DSCT 0.66 1.0 0.12354915162259125 "" nan "" 0 0 0.0 0.0 0.0 0.0 0.0 0.0 0 N N False
2061 zr 806203100066220 5.0115795 59.3551179 141 19.706787109375 1.6705029038057035 0.8519043749318785 0.20404022932052612 0.0005257917791651497 0.12458050776086453 0.9972955864571404 0.3110234027176621 0.01865746503665382 20.815387725830078 0.20404022932052612 20.14972686767578 21.25994110107422 -0.11376135051250458 1.3013797998428345 0.17810254398217704 0.23542809926337585 0.23516887661533323 0.0 0.7418892922950899 0.47983288972682125 0.6384358665533002 g1 DSCT 0.59 1.0 0.12457853900110549 "" nan "" 0 0 0.0 0.0 0.0 0.0 0.0 0.0 0 N N False
2062 zr 1809211300008457 5.1851863 59.2883206 77 271.90386962890625 1.534878066920251 0.9341642365154926 0.0150599991902709 0.0013776773535746527 0.5301891144127213 2800.0 0.30669775515635467 0.03921133215845634 16.006248474121094 0.0150599991902709 15.963939666748047 16.04533576965332 -0.003689645091071725 1.2308474779129028 5.785671507372122 8.461221786578506 13.445111824877502 1.0 0.8498973989721703 0.2110979378371849 0.8558191525550709 g1 RRL_ab 0.47 1.0 0.530204883280127 "" nan "" 1 0 0.038495 0.0 15.970636 2437.38 0.1411 0.0348 1 N N False
2064 zr 806203100060535 4.9583561 59.289256 179 17.241580963134766 1.6880614282114086 0.8769702733726504 0.2366226762533188 0.00016912677299705582 397.16126682054374 0.9973431440504597 0.2582845724256829 0.6340828563105279 21.117341995239258 0.2366226762533188 20.398746490478516 21.716524124145508 -0.11542823910713196 1.310033917427063 0.02668313431309799 0.04128451721113208 0.04410033348233141 1.0 0.9082419788122895 0.42837102556092244 0.7383337219308554 g1 LPV_SRV_AGB_C 0.5 1.0 403.904640136364 "" nan "" 1 0 0.304485 0.0 20.95636 65.788 nan nan 0 N N False
2806 zr 806203400051465 5.0855895 59.2443897 53 13.609878540039062 1.824772942220877 0.6064705994556012 0.2511012554168701 0.01362510367779395 0.1521273778427409 0.997170266371384 0.501605403759654 0.02657359899466942 21.250391006469727 0.2511012554168701 20.62032127380371 21.752634048461914 -0.12061868607997894 1.3478498458862305 0.32272330414585454 0.4582055129379326 0.37302095462934215 1.0 0.8183012082755594 0.6659137920830815 0.5733173970983216 g1 DSCT 0.5 1.0 0.0394503953662978 "" nan "" 0 0 0.0 0.0 0.0 0.0 0.0 0.0 0 N N False
2064 zr 1809211300008255 4.958266 59.2892305 16 10.147565841674805 1.2738703802312026 0.8468163850828005 0.19184856116771698 0.0214891939761749 0.18688987489618575 2800.0 0.7658349440136787 0.022417253079206254 20.938650131225586 0.19184856116771698 20.567142486572266 21.21809959411621 -0.08767522871494293 1.1037547588348389 1.748845230718987 3.0538952341545196 1.7310295594652896 0.0 0.9997508724737654 1.0 0.49478530163982193 gu DSCT 0.62 1.0 0.03130293476910376 "" nan "" 1 0 0.304485 0.0 20.95636 65.788 nan nan 0 N N False
2068 zr 1809211300061511 5.024997 59.3588583 73 109.76690673828125 7.641688557307995 1.6621575972897768e-25 0.1424638330936432 0.04040006150911698 0.25798497320694297 2800.0 0.24658725063553535 0.006772846806045507 18.97331428527832 0.1424638330936432 18.71380043029785 19.3912353515625 -0.28450822830200195 2.7864773273468018 0.2586265895736356 0.2673241248590143 0.33168804342247193 0.0 0.5060492202794851 0.330067382435695 0.6244697883099541 g1 EB_ED 0.35 1.0 0.20507693123938853 "" nan "" 1 0 0.093017 0.0 18.979128 559.652 0.4046 0.2129 1 V V False
2808 zr 806203100056629 5.0212799 59.3580153 32 21.17207145690918 5.743716667297431 1.7615614315699848e-05 0.402572363615036 0.0019519690260785458 2.2218290722695406 0.9973437437854317 0.7340984060534338 0.029652463458162585 21.008153915405273 0.402572363615036 20.17547607421875 21.62333869934082 -0.3857012689113617 2.4434893131256104 0.17445199095034175 0.2550393909656407 0.17303066985351953 1.0 0.8495356574174505 0.8582012088715258 0.4958336752896537 gu DSCT 0.83 1.0 0.0702109766511213 "" nan "" 0 0 0.0 0.0 0.0 0.0 0.0 0.0 0 N N False
2068 zr 806203100060150 5.0249722 59.3588836 745 125.70970153808594 7.821757072042537 3.3800563184274945e-145 0.14789386093616486 0.04121219094603692 29.334547580795874 0.997336033066433 0.05191194245380775 0.043820403511815396 18.9552001953125 0.14789386093616486 18.558624267578125 19.5230712890625 -0.28534379601478577 2.8360421657562256 0.019492486928905074 0.02331207620301088 0.06233550714840609 0.0 0.6392461422121855 0.0792604742643388 0.9260026902168126 g1 DSCT 0.66 1.0 0.07999761283819545 "" nan "" 1 0 0.093017 0.0 18.979128 559.652 0.4046 0.2129 1 V V False
2072 zr 1809211300009429 5.1633423 59.2659624 12 10.670732498168945 1.4222956235918516 0.729099167263858 0.2014160007238388 0.9596268971056838 0.10640898018236764 2800.0 0.5348861700200509 0.22013986192118223 20.926816940307617 0.2014160007238388 20.563302993774414 21.260831832885742 -0.09678135067224503 1.1543983221054077 2.299960595246223 3.9111644079565315 2.3027526348843144 0.0 0.9883212541703672 0.9875924070102762 0.5006178849752042 g1 NonVar 0.51 1.0 0.18696364255111947 "" nan "" 0 0 0.0 0.0 0.0 0.0 0.0 0.0 0 N N False
2074 zr 806203400030953 5.0684469 59.243803 783 104.07679748535156 2.480019914545161 0.0007813477376199659 0.09396736323833466 0.044042564403807646 0.699909068629385 0.997336033066433 0.0549295161334234 0.0005445324620439726 19.231597900390625 0.09396736323833466 18.71018409729004 19.509292602539062 -0.1024455651640892 1.5833768844604492 0.026288434622043413 0.01829646270015586 0.13861596750782235 1.0 0.2537292665742502 0.010394677319405021 0.9783180252842865 g1 NonVar 0.51 1.0 0.13512794651433016 "LGGS J002016.41+591437.5" 0.287418 Em* 2 1 0.467659 1.011892138851701 19.729427 218.676 0.012 0.8545 0 N N False
2067 zr 1809211300043278 4.991173 59.2601789 20 13.320825576782227 1.778035912924275 0.5972291230728308 0.21591880917549133 0.00048648831405419203 0.10733266125129269 2800.0 0.8006855937216918 0.38181162481256725 20.94813346862793 0.21591880917549133 20.461284637451172 21.325401306152344 -0.11813892424106598 1.3177838325500488 0.6658480429094215 0.6457680235398302 0.4563848928208475 1.0 0.4549026738135973 0.8146348348145848 0.31531459158843667 gu RRL_d 0.26 1.0 0.3277582117499969 "" nan "" 0 0 0.0 0.0 0.0 0.0 0.0 0.0 0 N N False
2076 zr 1809211300041572 5.0844219 59.3637246 77 93.36263275146484 0.6833677265990857 0.9999999866528692 0.01790963113307953 0.24876315865129844 0.13747937738743687 2800.0 0.19244803892761358 0.011700022451788746 17.65767478942871 0.01790963113307953 17.621803283691406 17.711170196533203 -0.0076280273497104645 0.8213796615600586 5.3219792029453545 6.936590035137529 9.585287644962564 1.0 0.7270383660090125 0.27227780105122235 0.7721744093563576 g1 NonVar 0.87 1.0 0.047193771311358886 "" nan "" 1 0 0.041538 0.0 17.728884 1255.45 0.438 0.0924 1 N N False
2076 zr 806203100021181 5.0844092 59.3637275 868 128.051513671875 0.822065094318471 1.0 0.02174469083547592 0.23019809468881608 0.35249527021591137 0.997336033066433 0.04078196576447648 0.00042276282274245026 17.661537170410156 0.02174469083547592 17.598989486694336 17.748422622680664 -0.009637270122766495 0.9058327674865723 0.3171245458050768 0.08738703750470046 2.8972590590952474 1.0 0.04397284643997579 0.0005537759701497169 0.9953954765051258 g1 EB_ED 0.58 1.0 0.05759478683335034 "" nan "" 1 0 0.041538 0.0 17.728884 1255.45 0.438 0.0924 1 N N False
2074 zr 1809211300067001 5.0684548 59.2437496 76 47.6623649597168 1.7924521868682193 0.7270606156989678 0.0797356367111206 0.016048482931061505 2.8289663226253 2800.0 0.25900112472916664 0.02210185750405437 19.2160701751709 0.0797356367111206 19.06896209716797 19.426902770996094 -0.07770626246929169 1.336614727973938 0.48034534164013987 0.6997105273408493 0.5794265846820768 0.0 0.8457021990450386 0.648832781168101 0.5945402254661694 g1 DSCT 0.35 1.0 0.03077602755194215 "LGGS J002016.41+591437.5" 0.287418 Em* 2 1 0.467659 1.011892138851701 19.729427 218.676 0.012 0.8545 0 N N False
2067 zr 806203400044265 4.9911473 59.2601672 89 17.646804809570312 2.1291719486565417 0.3326824560539715 0.24408559501171112 0.006078195066718884 0.1375404399231026 0.4993218938194279 0.28889875343602356 0.014853555138664976 20.972028732299805 0.24408559501171112 20.304471969604492 21.47148323059082 -0.14472617208957672 1.473466396331787 0.08113633285661413 0.0929751837345835 0.12710935038057394 0.0 0.5979852216417345 0.27758096901935625 0.7159341272305102 g1 DSCT 0.69 1.0 0.05078601615320758 "" nan "" 0 0 0.0 0.0 0.0 0.0 0.0 0.0 0 N N False
2078 zr 1809211300055130 5.085268 59.2440799 10 7.631105422973633 1.1062008912417074 0.8362301514636034 0.17741984128952026 0.0004014914188918875 0.10810041275814677 2800.0 0.9820230353014961 0.13139229443372763 21.002004623413086 0.17741984128952026 20.714282989501953 21.234342575073242 -0.07220897823572159 1.0060398578643799 3.1120614218652287 3.068137988013506 3.0801680444167316 0.0 0.46766243132250107 0.4758203374360054 0.49475381047761524 gu DSCT 0.73 1.0 0.04696530854589886 "" nan "" 0 0 0.0 0.0 0.0 0.0 0.0 0.0 0 N N False
2075 zr 806203100023565 5.1898971 59.3016197 394 20.509145736694336 1.3450159219913946 0.9999757207882475 0.18400809168815613 0.0001947334777287851 1.03196307576709 0.9973357126290449 0.12698081038664877 0.05154662034819502 20.725296020507812 0.18400809168815613 20.128070831298828 21.299633026123047 -0.09643474966287613 1.1701831817626953 0.021678055344559705 0.03508514130593335 0.05347543206508849 0.0 0.9508061217811548 0.22786320628146506 0.8717415507550563 g1 NonVar 0.22 1.0 1.0320613006151713 "" nan "" 1 0 0.019072 0.0 20.455269 160.191 0.4531 0.7038 0 N N False
