t_zr_0518.ecsv
# %ECSV 1.0
# ---
# datatype:
# - {name: SourceID, datatype: int32}
# - {name: filter, datatype: string}
# - {name: OID, datatype: string}
# - {name: RA, datatype: float64}
# - {name: DEC, datatype: float64}
# - {name: numobs, datatype: int32}
# - {name: DELTA_SIG_MAG, datatype: float64}
# - {name: CONST_CHI2, datatype: float64}
# - {name: LNP_SIG, datatype: float64}
# - {name: period, datatype: float64}
# - {name: period_c, datatype: float64}
# - {name: power, datatype: float64}
# - {name: power_c, datatype: float64}
# - {name: upsilon_class, datatype: string}
# - {name: upsilon_prob, datatype: float64}
# - {name: upsilon_flag, datatype: float64}
# - {name: upsilon_period, datatype: float64}
# schema: astropy-2.0
SourceID filter OID RA DEC numobs DELTA_SIG_MAG CONST_CHI2 LNP_SIG period period_c power power_c upsilon_class upsilon_prob upsilon_flag upsilon_period
[from data line 335]
181 zr 1809211300061878 5.0504699 59.3133453 81 84.01761627197266 2.155544244629071 0.07227537378515869 331.3101197315572 0.9972164461363069 0.204326645431136 0.9361511166914589 NonVar 0.73 1.0 0.03842631266447346
181 zr 806203100063249 5.0504594 59.3133513 881 154.33694458007812 3.1683547124317366 8.47905839622158e-26 0.9967307848510178 0.9973493234494499 0.2560254580724815 0.12673246275094546 EB_ED 0.2 0.0 1285.7257755000026
180 zr 806203100060454 5.0471291 59.2968719 209 18.95115852355957 1.967973242447385 2.2758554674351086e-06 0.5079113900029641 0.997295718081664 0.2758627184438618 0.15665208188753593 EB_ESD 0.33 1.0 1.0351635599837268
182 zr 1809211300070151 5.0941333 59.3131683 1 nan nan nan nan nan nan nan nan nan nan nan
183 zr 1809211300061888 5.0949629 59.3126443 0 nan nan nan nan nan nan nan nan nan nan nan
184 zr 806203100057067 5.0986803 59.2984197 887 608.0818481445312 22.26116941810973 0.0001648963345616398 0.9982785721064903 0.9973493234494499 0.07352652578155616 0.05539739124861495 NonVar 0.47 1.0 0.034064976830345386
184 zr 1809211300066728 5.0986881 59.298406 81 136.86988830566406 3.568530992363222 0.07814012297170156 0.26687316365811203 0.9972164461363069 0.2025380868944585 0.02044686421959764 EB_ED 0.8 1.0 0.03830252794811299
185 zr 806203100060549 5.0652172 59.2896577 42 9.346920013427734 1.270316391286866 0.00030326053461253764 0.3227602897716188 0.9972314619064271 0.8056203292216051 0.09250771482079766 RRL_c 0.58 1.0 0.32275142936395634
187 zr 1809211300054268 5.0874169 59.316326 19 14.246501922607422 1.7804481139099297 0.022074557545126116 0.14332375982057136 1.0001659648160228 0.6963757346701477 0.47945350972059625 DSCT 0.77 1.0 0.07170051654160445
189 zr 806203100043870 5.0941347 59.2944369 764 66.86212921142578 1.8881210599465927 0.08289145303496752 0.2211985017339083 0.9973493234494499 0.05120704759499877 0.0015388787776913296 NonVar 0.65 1.0 0.0349508637776369
186 zr 806203100063299 5.1006125 59.301887 578 43.5286750793457 2.4906904406419317 0.000543641234393745 0.9991436237093707 0.9972794600314014 0.09461594639877714 0.16408141544675847 EB_ED 0.33 1.0 0.9990954284267924
186 zr 1809211300054458 5.1006206 59.3018859 61 25.825855255126953 2.332431324311299 0.024385406774702956 0.1109752816258344 0.9998536248253115 0.29644919359016925 0.0369658771232255 DSCT 0.27 1.0 0.031149505568189448
189 zr 1809211300042699 5.0941643 59.2944301 76 65.77538299560547 3.0719483728481527 0.021629387117068518 330.9662639205464 0.9971521581194235 0.2478857318950026 0.937899216919542 DSCT 0.46 1.0 0.03473243565210531
187 zr 806203100043475 5.0873258 59.3163935 183 15.676132202148438 1.487896971634005 0.12417942123967539 0.1211199577511999 0.997295718081664 0.1378485601507088 0.00034565899757137684 DSCT 0.7 1.0 0.05245477628985052
190 zr 1809211300054613 5.0660916 59.2894835 6 nan nan nan nan nan nan nan nan nan nan nan
188 zr 1809211300054541 5.096565 59.2960794 66 78.62616729736328 5.8957959555831 0.00294661207213011 0.18823739150204513 0.9998536248253115 0.32285159209893066 0.03271824598075385 DSCT 0.67 1.0 0.13670335024179284
192 zr 806203100052022 5.0473367 59.3115208 68 14.073994636535645 1.9235166178444607 0.0014873919325011763 0.6653892510200068 0.997424867103734 0.5653648188718001 0.055628005710759335 DSCT 0.65 1.0 0.03163611674662893
188 zr 806203100043835 5.0967209 59.2961628 700 107.56681060791016 6.339827847503548 0.0020820431209003726 1.2768606896887378 0.9973493234494499 0.0740496796270175 0.00025601202714453745 NonVar 0.54 1.0 0.0853924579698917
191 zr 1809211300054368 5.043767 59.3070888 28 28.585323333740234 5.189284439823964 0.0005878574304766516 0.12370660949764854 0.9974459695431687 0.6517352275898634 0.09282167177036155 DSCT 0.53 1.0 0.12370619794305246
193 zr 1809211300061843 5.0685707 59.318587 78 55.49032211303711 2.750219432539138 1.7194046939273346e-06 0.9976646939076123 0.9972164461363069 0.4057622198133625 0.9762179631902193 RRL_ab 0.37 1.0 0.33284236233441444
193 zr 806203100060330 5.0685105 59.3186011 846 117.93869018554688 7.078845404606284 1.5634356302592576e-62 0.9992095539744291 0.9973493234494499 0.5021591461265574 0.2036557215912343 NonVar 0.81 0.0 3857.177326500008
191 zr 806203100060381 5.0437418 59.3071533 345 21.36274528503418 1.57958523066105 0.010037080001535713 1.0322331002329914 0.9972429128235676 0.12140498855439856 0.02628046557306916 DSCT 0.47 1.0 0.04477950481534741
192 zr 1809211300066640 5.0472377 59.3116188 2 nan nan nan nan nan nan nan nan nan nan nan
196 zr 1809211300042282 5.0782718 59.3184827 81 988.3533325195312 5.429420397398616 0.8839974455154836 2.937020310070571 0.9972164461363069 0.13163611099593017 0.06924392334638665 NonVar 0.6 1.0 0.08892836672454038
196 zr 806203100022915 5.0782591 59.3184948 926 1408.302978515625 3.502222987262394 0.00039439267896163683 0.9988990338068926 0.9973493234494499 0.06502759247292557 0.24488054226512276 EB_ED 0.75 1.0 964.294331625002
195 zr 1809211300070208 5.0428088 59.3045456 4 nan nan nan nan nan nan nan nan nan nan nan
197 zr 806203100060405 5.1014081 59.3045658 915 1468.0054931640625 22.59832936549831 0.030850764620396504 0.9999866996793741 0.9973493234494499 0.04930387479030124 0.9339966903158912 NonVar 0.5 1.0 0.05058858597828093
197 zr 1809211300042498 5.1014398 59.3045572 81 288.1382141113281 4.444801073238687 0.024666878767257486 0.10822783193634034 0.9972164461363069 0.22614732251100825 0.03464080635337292 NonVar 0.52 1.0 0.08894618565989795
198 zr 806203100066775 5.0851286 59.2904421 407 66.95921325683594 10.070679053504726 0.00022777759314986516 0.10544758244149098 0.9973153751016965 0.13207904374169235 0.0018440253815948222 NonVar 0.75 1.0 0.030091950122324844
198 zr 1809211300070291 5.084955 59.290341 59 68.3878402709961 11.78141743313042 0.05897815511441721 0.10406409232133612 0.9975930746769877 0.27658786916379313 0.0038915445687797276 DSCT 0.63 1.0 0.10839897021833271
199 zr 806203100060359 5.0455618 59.3104924 182 23.291057586669922 2.3318184752727964 2.171654531729971e-05 0.9974620875797361 0.9973052680316117 0.2880878595108117 0.9300759026443697 RRL_ab 0.38 1.0 0.49603276550241093
200 zr 1809211300062117 5.0806278 59.2894724 6 nan nan nan nan nan nan nan nan nan nan nan
194 zr 806203100063252 5.0478625 59.3125195 117 24.84081268310547 3.1735875337080155 1.868535488738581e-05 0.2494905689023425 0.9973583130998703 0.42469068473681043 0.25935699822512204 EB_EC 0.28 1.0 29.380596566929164
203 zr 1809211300007801 5.0434197 59.3002113 79 62.837310791015625 1.4414834621926422 0.2202339175543095 0.1346564382269312 0.9972154337583479 0.18638901562648014 0.12566032863406482 EB_ED 0.86 1.0 0.03366451634309129
199 zr 1809211300054328 5.0455047 59.3105135 15 8.155522346496582 0.7638386517146036 0.7272896427774035 0.10093969369151518 0.9972688618471136 0.5477804524080986 0.026467565455848757 DSCT 0.48 1.0 0.04169804033194983
203 zr 806203100023557 5.0433883 59.3002378 872 73.8828125 1.4703078152434583 0.21281665653910414 0.10532914377979515 0.9973493234494499 0.042736880718877296 0.007777831955560785 NonVar 0.74 1.0 0.0437490339416556
202 zr 1809211300066624 5.0516956 59.3148282 51 37.49137496948242 4.858907918418178 0.0018686912560665354 0.16040703001086873 0.9972164461363069 0.4037644064793709 0.06626787696179891 DSCT 0.73 1.0 0.16040740685376925
204 zr 806203100023024 5.0904133 59.3157781 865 153.8447723388672 2.723415627574077 0.024722212514104044 0.606204811016649 0.9973493234494499 0.05241441255706594 0.0018028637753277727 RRL_ab 0.43 1.0 0.6061884844413026
204 zr 1809211300054274 5.0904376 59.3157774 78 74.14268493652344 2.5650364425020067 0.05779924722672707 0.10086957661283551 0.9972164461363069 0.21724271472233858 0.06028014298920572 EB_ED 0.54 1.0 0.03061595723153303
6369 zr 1809211300054623 5.0754754 59.2888122 0 nan nan nan nan nan nan nan nan nan nan nan
205 zr 806203100043620 5.1005157 59.3083367 683 36.34720230102539 2.3580887894800173 1.830869912694948e-23 0.997813731429254 0.9973493234494499 0.27259789862932393 0.33408944605494384 NonVar 0.56 0.0 3857.177326500008
205 zr 1809211300007476 5.1005412 59.3083178 72 32.703060150146484 2.29214072988871 0.006590070867580626 0.33159576587621525 0.9974603843751442 0.28178945475433154 0.1173396948697307 RRL_c 0.84 1.0 0.3319132128315229
206 zr 1809211300074765 5.069811 59.2887279 51 24.567602157592773 1.4620838327951617 0.04201283077508126 1.6628234945611182 0.9976013883649818 0.32522880161262147 0.014847211545282051 DSCT 0.71 1.0 0.08249735243713037
6370 zr 1809211300075526 5.0422316 59.3034055 0 nan nan nan nan nan nan nan nan nan nan nan
207 zr 1809211300061988 5.0425127 59.3016866 1 nan nan nan nan nan nan nan nan nan nan nan
208 zr 1809211300066600 5.0641514 59.3186377 71 57.20935821533203 22.556402060864045 3.5638760733900983e-35 0.9989515109985215 0.9971521581194235 0.9097721626749141 0.5949153834946304 T2CEPH 0.53 1.0 0.9989623015037478
208 zr 806203100063224 5.064121 59.3186488 820 66.96483612060547 14.40230584798981 5.723324068927055e-123 0.9987438460861691 0.9973493234494499 0.7589797566252652 0.21686077667873235 LPV_OSARG_AGB 0.33 0.0 771.4354653000016
210 zr 1809211300066630 5.0498532 59.3141939 58 35.93241882324219 3.525632839029824 9.517971936483439e-13 0.9962425509611867 0.9971418157825707 0.7062002560128062 0.48759052709574147 LPV_OSARG_AGB 0.76 1.0 662.804826299991
212 zr 806203100063344 5.0494052 59.2938403 496 24.384628295898438 1.7858372550748982 0.00012764140262594707 0.18111367647576282 0.9973615362352404 0.11484134725667286 0.008181759896418768 DSCT 0.54 1.0 0.18111890796818406
212 zr 1809211300054567 5.0494703 59.2937781 54 21.652000427246094 1.8765899555426155 0.02195612096472751 0.10115551938300278 0.9976003732472319 0.32791690737994644 0.015224403254659886 DSCT 0.66 1.0 0.044859996177870745
210 zr 806203100060348 5.0498178 59.314207 535 45.28146743774414 6.743274242267911 8.953673396500875e-48 0.9992261440130779 0.9973615362352404 0.5577055933723583 0.07135892153742263 NonVar 0.26 0.0 1924.1167188000036
215 zr 806203100066240 5.0573611 59.3172967 90 12.656682014465332 1.8860166640678229 0.00033338945884542104 27.19684800619123 0.9973637535068802 0.4709897821104109 0.10091622661392542 T2CEPH 0.33 1.0 0.9789080660303363
211 zr 1809211300076575 5.0474792 59.3127676 6 nan nan nan nan nan nan nan nan nan nan nan
213 zr 1809211300061907 5.0438001 59.3092152 67 32.256412506103516 2.7129766133050524 0.22205393885944041 0.11624273533306542 0.9972164461363069 0.21684495408876245 0.06131816929464104 DSCT 0.78 1.0 0.07871046112063315
213 zr 806203100052035 5.0438157 59.3092715 582 42.13966751098633 2.1213220747970603 0.0014109790616233379 0.21725216455015617 0.9973509924032099 0.08701059072896725 0.011291495378795126 NonVar 0.69 1.0 0.03528572352051886
214 zr 1809211300062043 5.0458878 59.2961494 14 10.247955322265625 1.5195191588959074 0.007148763008031089 0.10493868232364591 1.0001659648160228 0.854624546555352 0.010493987979305692 DSCT 0.54 1.0 0.03160979178857619
214 zr 806203100060460 5.0458274 59.2962026 120 10.464847564697266 1.1488068711752408 0.01782708318745322 2.340097520549234 0.9972699655939165 0.2709781147370854 0.006416827615311992 DSCT 0.42 1.0 0.04648816795383926
217 zr 1809211300074707 5.0579269 59.3175817 8 nan nan nan nan nan nan nan nan nan nan nan
218 zr 806203100063338 5.0970868 59.2950727 443 29.748340606689453 1.8829986346634429 0.0010784250732530551 0.101596650519066 0.9972810236558204 0.10419768231039579 0.0024747650125753833 DSCT 0.74 1.0 0.09222657416474622
6371 zr 1809211300073436 5.0834063 59.2894661 4 nan nan nan nan nan nan nan nan nan nan nan
219 zr 1809211300007878 5.1012626 59.2994615 58 19.20292854309082 1.2852759759361974 0.07391342061237571 0.27525756181583105 0.9971501287966344 0.27058533044119176 0.07759764991722841 DSCT 0.77 1.0 0.047513398154704824
220 zr 1809211300073374 5.0930824 59.3151519 6 nan nan nan nan nan nan nan nan nan nan nan
219 zr 806203100023604 5.1012793 59.299465 543 26.146669387817383 1.3142759867801739 0.02174832386469801 0.17498241257848018 0.9973493234494499 0.07198711572872031 0.007971260902496795 EB_ED 0.58 1.0 0.054493760087310446
218 zr 1809211300062069 5.0972231 59.2950198 42 18.34446907043457 1.293959522558563 0.0026564402594128705 0.10034853924339983 1.000192560171087 0.461404317607351 0.01190413347863689 EB_ESD 0.46 1.0 0.7944637577992687
221 zr 806203100064639 5.1026202 59.3050297 574 85.33517456054688 1.3729405414986424 0.009369204924471332 0.48198879460448507 0.9973493234494499 0.08056284724124894 0.0003676189094008623 NonVar 0.35 1.0 0.48202665914771403
222 zr 806203100066613 5.0510441 59.3152763 781 47.64469909667969 2.5746720181684832 0.0009822294780037779 436.89426523864006 0.9973493234494499 0.07013839352619321 0.31543480051088363 NonVar 0.81 1.0 0.997717880625972
6372 zr 1809211300077054 5.0823877 59.2891242 3 nan nan nan nan nan nan nan nan nan nan nan
216 zr 1809211300066774 5.0885335 59.2906331 40 81.03789520263672 12.121585429984998 0.05469343594857879 0.1187375062578695 0.9974593581424834 0.3808587119699585 0.07210785978745272 RRL_c 0.47 1.0 0.2895643577346876
223 zr 806203100043707 5.1028196 59.3033683 910 182.6271209716797 4.104786393446911 2.4961088286671946e-42 0.9984336152584247 0.9973493234494499 0.3685891575850832 0.03295906650774456 LPV_OSARG_AGB 0.42 0.0 642.8628877500013
223 zr 1809211300042518 5.1028279 59.3033526 81 155.01937866210938 4.604345190674804 2.561007096869762e-16 0.9985623994595034 0.9972164461363069 0.6516421657094135 0.37611326141245177 EB_ED 0.71 1.0 0.9982775799850016
222 zr 1809211300066623 5.0509719 59.3153207 73 38.99665451049805 2.1556183621185614 0.08081555563899107 8.960472370713582 0.9972154337583479 0.22743386791839942 0.048346938254580675 NonVar 0.36 1.0 0.05282221798024693
224 zr 1809211300006922 5.0659926 59.3193157 79 55.78010177612305 1.262452384791596 0.21286791150248674 0.1059595977946469 0.9972164461363069 0.1871863967701491 0.12384874522693992 EB_ED 0.91 1.0 0.04634748518080229
224 zr 806203100043419 5.0659858 59.3193313 881 96.69856262207031 1.8037363121408025 0.3593659100588263 0.17273499244474114 0.9973493234494499 0.03850032717593862 0.0002788539898205012 EB_ED 0.79 1.0 0.07523703993797194
225 zr 1809211300008208 5.0936546 59.292499 81 282.82379150390625 8.820417996231882 7.202301598187897e-20 600.0 0.9972164461363069 0.7149300868321551 0.37400781516023124 EB_ESD 0.38 1.0 0.9982775799850016
226 zr 1809211300007180 5.0479271 59.3138744 77 121.26446533203125 4.126128848078088 0.036076417102831305 0.6738635506461557 0.9972164461363069 0.22974951451384 0.007198003255758287 DSCT 0.6 1.0 0.04803427686120301
225 zr 806203100023808 5.0936877 59.2924891 900 316.4844970703125 6.107134465169072 3.129837584736172e-86 548.7809064506978 0.9973493234494499 0.6011590145517003 0.17522943763429014 LPV_OSARG_AGB 0.55 0.0 551.025332357144
227 zr 1809211300061972 5.0410102 59.3027521 57 19.591005325317383 1.44586073208905 0.09291507472934883 0.2560223755202328 0.9974516570807012 0.2728098957133184 0.055366086676011964 DSCT 0.63 1.0 0.06933761134969353
228 zr 1809211300054227 5.0630723 59.3191267 70 24.651060104370117 1.5058308996817116 0.2989153398422228 0.10110020153942523 0.9971521581194235 0.19629586436403146 0.06339305700964515 NonVar 0.62 1.0 0.05065654495195915
226 zr 806203100043508 5.0478857 59.3139339 884 182.6964569091797 5.121869289481743 0.007760745339569767 0.6999269232013257 0.9973493234494499 0.05688502256736852 0.0035391065637498465 NonVar 0.58 1.0 0.13180171968221452
228 zr 806203100060325 5.0630228 59.3191263 630 48.543792724609375 2.0183501263661188 0.0016498432048697622 0.4608118922189136 0.9972810236558204 0.08137766001678438 0.002047494448784169 NonVar 0.64 1.0 0.0344741926413722
