t_zr_0928.ecsv
# %ECSV 1.0
# ---
# datatype:
# - {name: SourceID, datatype: int32}
# - {name: filter, datatype: string}
# - {name: OID, datatype: string}
# - {name: RA, datatype: float64}
# - {name: DEC, datatype: float64}
# - {name: numobs, datatype: int32}
# - {name: DELTA_SIG_MAG, datatype: float64}
# - {name: CONST_CHI2, datatype: float64}
# - {name: sf, datatype: float64}
# - {name: rmse, datatype: float64}
# - {name: LNP_SIG, datatype: float64}
# - {name: period, datatype: float64}
# - {name: period_c, datatype: float64}
# - {name: power, datatype: float64}
# - {name: power_c, datatype: float64}
# - {name: mean, datatype: float64}
# - {name: std, datatype: float64}
# - {name: min, datatype: float64}
# - {name: max, datatype: float64}
# - {name: sigma_mean, datatype: float64}
# - {name: sigma_std, datatype: float64}
# - {name: gaussian1_err, datatype: float64}
# - {name: gaussian2_err, datatype: float64}
# - {name: lorentzian_err, datatype: float64}
# - {name: shape, datatype: string}
# - {name: upsilon_class, datatype: string}
# - {name: upsilon_prob, datatype: float64}
# - {name: upsilon_flag, datatype: float64}
# - {name: upsilon_period, datatype: float64}
# schema: astropy-2.0
SourceID filter OID RA DEC numobs DELTA_SIG_MAG CONST_CHI2 sf rmse LNP_SIG period period_c power power_c mean std min max sigma_mean sigma_std gaussian1_err gaussian2_err lorentzian_err shape upsilon_class upsilon_prob upsilon_flag upsilon_period
[from data line 1532]
1366 zr 1809211300006766 4.9918576 59.3216497 77 317.45196533203125 4.70655109131352 2.8513150721124947e-10 0.039781082421541214 0.007924460088361757 0.9645865715200009 2800.0 0.2714002512062651 0.4268227843438596 17.356159210205078 0.039781082421541214 17.20500946044922 17.423067092895508 -0.03805004432797432 2.1563546657562256 0.6547844459315492 1.1458726508495412 1.4427710433807992 g1 DSCT 0.44 1.0 0.08820322872411034
1360 zr 806203400030550 5.0487471 59.2608652 23 15.480310440063477 2.0698615750410387 0.4150014395401611 0.23772217333316803 0.0026770298254726174 376.1937850720945 0.4993075033805946 0.7115139634411494 0.7431505722491416 21.3171329498291 0.23772217333316803 20.46782684326172 21.639331817626953 -0.11821954697370529 1.4256709814071655 0.12291319483343281 0.058235640824861136 0.17438657725413945 g2 RRL_c 0.52 1.0 0.2708278773202774
1366 zr 806203100056864 4.9918198 59.3216661 862 637.9052734375 7.548230533461365 2.0738019564404995e-143 0.05489872768521309 3.184826424670628e-06 365.196712888864 0.997336033066433 0.09033428449117274 0.5058355986106962 17.353435516357422 0.05489872768521309 16.948955535888672 17.453588485717773 -0.061110109090805054 2.746488571166992 0.03911018157722789 0.008203251489207633 0.09440214922877319 g2 LPV_SRV_AGB_O 0.33 1.0 377.9753877250005
1369 zr 806203400000004 5.1175925 59.2657158 442 660.3529663085938 2.693383017199075 0.0007569605869854711 0.02472960762679577 0.1530675619603688 0.1000097604779868 0.49931688489738235 0.08921245590333608 0.034561075902535585 16.692554473876953 0.02472960762679577 16.422504425048828 16.73343276977539 -0.0110899293795228 1.6372051239013672 0.003683567341955056 0.0064461098989295265 0.1493297158194106 g1 NonVar 0.64 1.0 0.10000892229180001
1369 zr 1809211300009410 5.1176156 59.2656917 77 178.2056427001953 1.098804474723259 0.9995183170806807 0.015206021256744862 0.00017395789950903895 0.40032045804970334 2800.0 0.3460038629327728 0.00718433741269964 16.687532424926758 0.015206021256744862 16.655235290527344 16.731159210205078 -0.0052369143813848495 1.0414470434188843 17.17435722281571 3.7176922125486427 9.785415461670137 g2 EB_ESD 0.47 1.0 0.40032944787586566
1368 zr 806203100060222 5.0298759 59.3431266 41 19.16016387939453 3.8144160728060443 0.004072510885447373 0.33916282653808594 0.003145115658442547 1.0377960212844444 0.997338895506679 0.6347237264990994 0.048672341512280747 21.308320999145508 0.33916282653808594 20.310523986816406 21.775480270385742 -0.23169609904289246 1.9679715633392334 0.07744285082670713 0.13552499451953376 0.08865354563684671 g1 DSCT 0.58 1.0 0.08670180067546558
1370 zr 806203100042885 5.0853092 59.3481502 49 12.305179595947266 1.6544974484875934 0.7102432307577647 0.2594147324562073 0.009972311827926022 0.11481730797594486 0.9972088391772067 0.5953545386725158 0.07738846839154276 21.44038963317871 0.2594147324562073 20.79676628112793 21.9626522064209 -0.11001301556825638 1.276826024055481 0.10902999915097547 0.09852599380985101 0.1192947057680278 g2 DSCT 0.74 1.0 0.051552899604992465
1373 zr 1809211300008638 5.1499339 59.2832684 71 37.93735885620117 1.3693299522149116 0.979824360015148 0.09465640038251877 0.3222566850949617 0.10814090336189594 2800.0 0.19772595135388185 0.109465288001806 19.677324295043945 0.09465640038251877 19.387592315673828 19.930498123168945 -0.08026091009378433 1.1703379154205322 0.31142052605615866 0.16862790535980599 0.3811996813983339 g2 DSCT 0.73 1.0 0.06599245471838629
1367 zr 1809211300041797 5.0642621 59.3485017 25 14.699406623840332 1.706387617462419 0.6693726230508568 0.21262870728969574 0.003555191959215353 0.2569308534746928 2800.0 0.6537782488552987 0.07662568909216953 20.8311710357666 0.21262870728969574 20.36310386657715 21.239500045776367 -0.12235955148935318 1.2984715700149536 0.3584310421901569 0.27810634839266457 0.25404454939472454 l RRL_c 0.39 1.0 0.25691349111730666
1375 zr 1809211300008571 4.995267 59.2822216 76 46.1991081237793 1.2723209584332538 0.9941237071321753 0.0767943486571312 0.014081457664848624 0.1775883077928908 2800.0 0.2622570294488026 0.022537099663663768 19.44580841064453 0.0767943486571312 19.206621170043945 19.680253982543945 -0.06251402944326401 1.125856876373291 1.6943796037898977 0.25331890106831945 1.2765972143612456 g2 DSCT 0.44 1.0 0.17758532979149935
1376 zr 806203100051646 5.0903639 59.3477231 110 12.401601791381836 1.6527001143796205 0.8400019909364389 0.2528422474861145 0.0030460407407992 0.6382839295864863 0.9973559071554646 0.3258889807051726 0.01830889886056925 21.266511917114258 0.2528422474861145 20.717819213867188 21.791549682617188 -0.11540304124355316 1.2921390533447266 0.06785375715105987 0.08481011706522894 0.061140809001130024 l DSCT 0.98 1.0 0.06344631274099313
1374 zr 1809211300006703 5.1490194 59.3255184 68 24.627761840820312 1.4884816039866149 0.9418559274982696 0.13246022164821625 0.05375597227751166 0.3889301256410414 2800.0 0.25456820418352805 0.018158437453606985 20.07066535949707 0.13246022164821625 19.73406219482422 20.367549896240234 -0.11455598473548889 1.2272939682006836 0.40335454861950293 0.595088990006322 0.3778983256674416 l DSCT 0.89 1.0 0.07114436085350126
1374 zr 806203100022649 5.1490113 59.3255519 685 23.079561233520508 1.077633202268979 0.9999999999999956 0.12258492410182953 0.02060657984887977 0.10082207043099878 0.997336033066433 0.06022570656035979 0.0020611096099013705 20.107677459716797 0.12258492410182953 19.794404983520508 20.528532028198242 -0.08430841565132141 1.0468381643295288 0.06423098284546742 0.05724496537228677 0.14184107991717163 g2 EB_ED 0.56 1.0 0.03493034002849446
1367 zr 806203100021755 5.0642265 59.3485655 270 17.083051681518555 1.3412552859866025 0.9996945998254478 0.20228390395641327 0.08232005951470978 0.14541474253384218 0.9973404390174879 0.10752125072545438 0.0038790985904859415 20.951812744140625 0.20228390395641327 20.331195831298828 21.468448638916016 -0.09422142803668976 1.1669336557388306 0.03360705344822946 0.02997539786755028 0.0432355109364343 g2 NonVar 0.71 1.0 0.04501590005434674
1379 zr 806203100021780 5.087593 59.3481538 153 22.201372146606445 2.1641266165406665 0.2764014761429977 0.24788449704647064 6.85948974274429e-05 1.0351272245297511 0.997294040042732 0.304058630700115 0.2852366601277723 21.212799072265625 0.24788449704647064 20.14492416381836 21.736047744750977 -0.13182637095451355 1.4864413738250732 0.011792051367870189 0.008328772887931097 0.015180902589235752 g2 DSCT 0.55 1.0 0.06266502336690172
1380 zr 806203400000059 5.0459791 59.2609214 161 18.373397827148438 1.3208089073206908 0.9973775893534464 0.18620692193508148 0.029180518786189342 0.15100960678552658 0.4993174653844634 0.181161113954283 0.012991546269136525 20.706661224365234 0.18620692193508148 20.194929122924805 21.227581024169922 -0.09815384447574615 1.1567963361740112 0.010193349456791925 0.008653923655853773 0.019634062864180495 g2 NonVar 0.53 1.0 0.030705574449739273
1380 zr 1809211300043287 5.0461071 59.260877 45 19.645164489746094 2.2984987655317424 0.23017650642939683 0.21869802474975586 0.02442374383397871 0.14358042759102532 2800.0 0.3796694214990703 0.16909202817198274 20.657638549804688 0.21869802474975586 20.091163635253906 21.025493621826172 -0.16574275493621826 1.530454158782959 0.19347518345068937 0.21451203126273527 0.2093053228544741 g1 DSCT 0.74 1.0 0.20152538558037894
1382 zr 1809211300006093 5.011891 59.3368299 77 146.99258422851562 1.2869186003660769 0.9933583422349914 0.019066469743847847 0.3842732887278158 0.10442850606688944 2800.0 0.17994292900867212 0.05997733266197569 17.10997200012207 0.019066469743847847 17.06492042541504 17.14920425415039 -0.008602865040302277 1.1271324157714844 38.912862658798986 61.19971171369581 39.20672325085325 g1 NonVar 0.44 1.0 0.08109206209948112
1381 zr 806203100023282 5.1594973 59.3100167 587 20.92835235595703 1.0490376751228896 0.999999999999976 0.1403464376926422 0.009249220228842432 1.0347410838673263 0.997336033066433 0.07237956530866657 0.004285273219392646 20.363056182861328 0.1403464376926422 19.9569091796875 20.80661392211914 -0.08513181656599045 1.0333878993988037 0.03705694989622339 0.029350238024265632 0.05206755395897878 g2 NonVar 0.74 1.0 0.4629214791488065
1382 zr 806203100022162 5.0118838 59.336835 870 215.16673278808594 1.04135964958694 1.0 0.019345050677657127 0.013915358580022642 15.097883780183013 0.997336033066433 0.053658641251994106 0.0023146450801466473 17.127553939819336 0.019345050677657127 17.036296844482422 17.190738677978516 -0.007359372451901436 1.0194288492202759 0.29631676194826645 0.5185533047489678 2.9420499616453277 g1 NonVar 0.72 1.0 0.034640094187325346
1383 zr 1809211300007187 5.1573073 59.3156072 19 14.176401138305664 2.326388323327641 0.2825782311497242 0.26956021785736084 0.0016131643366186442 0.3330778183230296 2800.0 0.7872609913769514 0.9797418863310747 21.08443832397461 0.26956021785736084 20.508853912353516 21.552303314208984 -0.15851271152496338 1.5117086172103882 0.3170808487518344 0.3392945374557084 0.2937388521749675 l DSCT 0.73 1.0 0.1419570807857385
1381 zr 1809211300007450 5.159532 59.3100054 56 24.084897994995117 1.6238704297409143 0.8392033467156913 0.15588068962097168 0.1054493843314202 1.2530574550516176 2800.0 0.27878120507523185 0.059759874683636346 20.351102828979492 0.15588068962097168 19.833450317382812 20.649696350097656 -0.12675361335277557 1.284096598625183 0.08810307467004723 0.11705642798644302 0.14748031524194194 g1 DSCT 0.54 1.0 0.043981153383206295
1384 zr 806203100023760 5.1587255 59.2953003 483 24.92205238342285 1.38060166234132 0.9999835969872627 0.1717013567686081 0.014829645476728196 0.10144861791212274 0.997343815080248 0.08061177599244544 0.0021280370410155475 20.555429458618164 0.1717013567686081 19.899669647216797 21.050857543945312 -0.10253827273845673 1.1873242855072021 0.03158444010849938 0.005068761423530568 0.06472547109202866 g2 NonVar 0.68 1.0 0.05106905193817695
1385 zr 806203100051721 5.1261916 59.339531 503 34.82633590698242 4.016478768054593 2.0564554368768012e-22 0.25586584210395813 2.9894593835969038e-05 1.034968100862041 0.997343815080248 0.11671330345511294 0.02443342869029804 20.322282791137695 0.25586584210395813 19.571184158325195 20.98653221130371 -0.3009520471096039 2.0726912021636963 0.005291427244088791 0.005453839269953106 0.019851637742580242 g1 NonVar 0.8 1.0 0.03325566238466063
1385 zr 1809211300054003 5.1262558 59.3395353 56 35.78173828125 5.869681907270526 2.1481846858464447e-12 0.25448986887931824 0.0009547692991327683 0.1584205068933497 2800.0 0.4037091429556428 0.05738104691533669 20.181570053100586 0.25448986887931824 19.54595947265625 20.673709869384766 -0.4087586998939514 2.5203664302825928 0.10632594578593628 0.06942993408126624 0.05933845932721166 l DSCT 0.59 1.0 0.03200301604745411
1384 zr 1809211300008120 5.1588293 59.2952864 54 15.346229553222656 1.3730516942667168 0.9603993699629063 0.18315362930297852 0.12874748818675716 0.18884266494668062 2800.0 0.27977135895076854 0.0526297574130661 20.572294235229492 0.18315362930297852 20.227481842041016 20.97751235961914 -0.1126343309879303 1.1766138076782227 0.2519554094685738 0.1569687350478588 0.18956954778046914 g2 EB_ESD 0.51 1.0 0.05702380066982717
1389 zr 1809211300007710 4.9838492 59.3010354 71 330.35369873046875 1.3523361017151811 0.9827993151702921 0.01137793343514204 0.002150344471986594 0.17026946545644697 2800.0 0.31714035339556274 0.0607966351353408 13.05174446105957 0.01137793343514204 13.020025253295898 13.084173202514648 -0.00011154463572893292 1.1546814441680908 21.88439541705765 3.1661560713287367 23.547620041115497 g2 EB_ED 0.34 1.0 0.20520361969111942
1389 zr 806203100023513 4.9838358 59.3010536 837 382.0777893066406 1.6108735335853692 0.9988275602924929 0.015636194497346878 1.5628165686443559e-22 2800.0 0.997336033066433 0.24110286538438735 0.8335447187223597 13.051304817199707 0.015636194497346878 12.988446235656738 13.104721069335938 0.00021213955187704414 1.2677321434020996 3.525743986817482 0.06545234775419366 1.6533852134750258 g2 NonVar 0.91 0.0 2267.852326350003
1390 zr 1809211300006322 5.1375812 59.3342311 77 269.676025390625 1.0741212795014468 0.9996827352700408 0.011231383308768272 0.007771409758763398 0.10625743880353633 2800.0 0.2717870566982499 0.0064368480311302115 15.242709159851074 0.011231383308768272 15.212886810302734 15.277044296264648 -0.0011496002553030849 1.0296485424041748 11.98425682416185 8.684723928234861 16.229951273677305 g2 EB_ESD 0.35 1.0 0.06352825424336592
1390 zr 806203100022322 5.1375602 59.3342468 867 270.77447509765625 1.0230375551952322 1.0 0.013019347563385963 2.221745750666147e-05 2800.0 0.997336033066433 0.08165985136404107 0.8292982319768333 15.245527267456055 0.013019347563385963 15.19922924041748 15.289113998413086 -0.0010826229117810726 1.0103353261947632 1.0804484323863475 0.047129591668180836 4.248992372671128 g2 NonVar 0.84 1.0 2267.852326350003
1391 zr 806203400030505 5.0365555 59.2625417 459 980.916748046875 4.316983730225324 7.287952423717029e-20 0.028165357187390327 0.8266266489873951 0.2485478337184061 0.9999745929464803 0.0637294555422572 0.002643822788983901 16.25718879699707 0.028165357187390327 15.935667037963867 16.309520721435547 -0.011379950679838657 2.072880744934082 0.004466730378529245 24999.75 0.055055326387076366 g1 NonVar 0.72 1.0 0.03030652376170148
1383 zr 806203100043499 5.1575419 59.3155825 210 15.939530372619629 1.3883661153671765 0.9966352917922416 0.21642929315567017 0.00020776731686933297 1.0351006833719514 0.9973458274364851 0.22059563065700077 0.255032183376944 21.150545120239258 0.21642929315567017 20.437881469726562 21.61711883544922 -0.09461770951747894 1.1862001419067383 0.06595015633970118 0.0031140172882470007 0.0611727614385192 g2 CEPH_Other 0.49 1.0 0.910156521641941
1391 zr 1809211300009483 5.0365696 59.2625248 77 279.27484130859375 1.7115487807852525 0.810847324393512 0.01681439019739628 0.049045545182845984 0.34787335951353465 2800.0 0.23198945764501688 0.039317814667091916 16.253503799438477 0.01681439019739628 16.222286224365234 16.316246032714844 -0.0052042859606444836 1.2997702360153198 17.89716395059677 9.875472040264057 24.49069079623856 g2 RRL_ab 0.39 1.0 0.530204883280127
1392 zr 806203100022897 4.9878757 59.3178211 165 28.353769302368164 3.1962381245252787 0.0001455558834920015 0.2639457583427429 0.0001540736837100277 1.6655914700765035 0.9973238575851918 0.2776367062382818 0.016621440699535434 21.081260681152344 0.2639457583427429 19.83978843688965 21.646953582763672 -0.17739154398441315 1.8183925151824951 0.01929013642348868 0.021738296184645876 0.030473242957251307 g1 RRL_ab 0.73 1.0 0.7130906258233891
1392 zr 1809211300006932 4.9878608 59.3178288 14 10.780750274658203 1.367423288581096 0.7813300513797808 0.20182989537715912 0.12315705115848077 25.6960940025335 0.9999935836978219 0.7346902335372466 0.48662824549030015 20.95893669128418 0.20182989537715912 20.570737838745117 21.285560607910156 -0.09437917917966843 1.1389226913452148 1.10968372288828 1.941946907642947 1.1162882968390602 g1 DSCT 0.6 1.0 0.06914990541050889
1393 zr 806203100022718 5.1514655 59.323976 799 52.173309326171875 1.2770227841666462 0.999999999528359 0.08925202488899231 0.14437295612338444 0.19357196272038402 0.997336033066433 0.04483023891532589 0.004609060236199824 19.559349060058594 0.08925202488899231 19.181087493896484 19.956844329833984 -0.0705970898270607 1.135454535484314 0.04258516358884557 0.0030689515370180822 0.047655645526904655 g2 EB_ED 0.5 1.0 0.04086956796449816
