t_zr_0621.ecsv
# %ECSV 1.0
# ---
# datatype:
# - {name: SourceID, datatype: int32}
# - {name: filter, datatype: string}
# - {name: OID, datatype: string}
# - {name: RA, datatype: float64}
# - {name: DEC, datatype: float64}
# - {name: numobs, datatype: int32}
# - {name: DELTA_SIG_MAG, datatype: float64}
# - {name: CONST_CHI2, datatype: float64}
# - {name: sf, datatype: float64}
# - {name: LNP_SIG, datatype: float64}
# - {name: period, datatype: float64}
# - {name: period_c, datatype: float64}
# - {name: power, datatype: float64}
# - {name: power_c, datatype: float64}
# - {name: upsilon_class, datatype: string}
# - {name: upsilon_prob, datatype: float64}
# - {name: upsilon_flag, datatype: float64}
# - {name: upsilon_period, datatype: float64}
# schema: astropy-2.0
SourceID filter OID RA DEC numobs DELTA_SIG_MAG CONST_CHI2 sf LNP_SIG period period_c power power_c upsilon_class upsilon_prob upsilon_flag upsilon_period
[from data line 3586]
1914 zr 806203100043819 5.1821746 59.2980085 845 513.1640014648438 9.258852679147086 0.0 0.04933465598923203 18.553646851189683 0.9973636584210107 0.048212281529896324 0.003582445940048377 CEPH_Other 0.24 1.0 1.056886701665814
1914 zr 1809211300042661 5.1821974 59.2979996 77 165.60794067382812 2.65356673013444 1.1219140341268831e-14 0.679421105115483 0.12267336827229344 2800.0 0.1461434262007535 0.030132744782585378 NonVar 0.51 1.0 0.033203737295235056
2751 zr 1809211300062418 5.102111 59.2494742 11 8.864628791809082 1.3767833850095663 0.1838472371062472 0.02379297905283808 0.10764700442846314 0.10741634916215688 0.9019079225173071 0.010054608472884327 DSCT 0.62 1.0 0.06137304495371721
1915 zr 1809211300005062 5.0755531 59.3604074 68 40.03415298461914 2.41567291997619 2.0557493408697025e-10 0.03302980727984142 0.113757747104887 2800.0 0.25251531613222 0.003275249407259694 DSCT 0.64 1.0 0.11376236901588861
1915 zr 806203100021292 5.0755453 59.3604092 701 33.99797058105469 1.4067843384039567 8.522010963143813e-08 0.005437900247229069 0.15024412953211386 0.9973636584210107 0.06311372196418044 0.002254107761768765 NonVar 0.41 1.0 0.15024124412182616
1912 zr 806203100043317 4.9680432 59.3233623 4 nan nan nan nan nan nan nan nan nan nan nan nan
1917 zr 806203400000016 4.9960805 59.2627488 447 692.2850952148438 4.54458637625125 1.8844577432930367e-105 0.5792442397460634 0.28019401139920963 0.9973636584210107 0.06497455138818685 0.00013746122222961556 NonVar 0.69 1.0 0.07961028357785425
1917 zr 1809211300009445 4.996098 59.2627291 77 222.03399658203125 1.781053823983569 1.2710490791385372e-05 0.24312426759287287 0.20110043595681193 2800.0 0.1768097713362005 0.023768380345918026 NonVar 0.58 1.0 0.03915850069689462
1918 zr 1809211300042258 4.9646884 59.3179376 76 64.11568450927734 1.789196189290868 1.4996242929860615e-05 0.6394995422372775 0.569718155417016 2800.0 0.15307540337238923 0.11851874921102937 DSCT 0.37 1.0 0.05336200880349384
1919 zr 1809211300042695 4.9635034 59.292532 0 nan nan nan nan nan nan nan nan nan nan nan nan
1918 zr 806203100022882 4.9646531 59.317949 819 71.9892807006836 1.7249230326387845 9.018497305373889e-20 0.025293506111689158 0.33290395863740835 0.9973636584210107 0.05170499791289691 0.1494415885843539 NonVar 0.54 1.0 0.0830960105966271
1920 zr 1809211300005839 5.1482592 59.3450435 77 146.22312927246094 2.279277372071543 1.81790559156062e-10 0.03821333115060375 0.6300409990464162 2800.0 0.21741057759029156 0.02157728212087738 NonVar 0.51 1.0 0.051926315671059514
1920 zr 806203100021910 5.1482372 59.3450577 863 273.2109680175781 2.838311194266206 1.8651298824637198e-85 0.03562883536650438 0.30389301510433747 0.9973636584210107 0.04744298539538132 0.007499211448610217 NonVar 0.52 1.0 0.30390360426676544
1922 zr 806203400044407 5.0527673 59.2481452 89 13.450786590576172 1.4973021724443005 0.02794745324354289 0.011918531323291804 0.19712352669785424 0.9973118789275683 0.4633510723124131 0.06327841401549479 DSCT 0.79 1.0 0.06427929997252312
1924 zr 806203400000280 5.0280351 59.2519272 2 nan nan nan nan nan nan nan nan nan nan nan nan
1925 zr 1809211300008664 5.1751522 59.2829905 71 29.51394271850586 1.448171409371097 0.006476799296338387 0.052005362055892866 0.10866556610154013 2800.0 0.2314909397336331 0.028731466428879786 DSCT 0.47 1.0 0.04919898192186624
1926 zr 1809211300008919 4.9776433 59.2742001 4 nan nan nan nan nan nan nan nan nan nan nan nan
1929 zr 1809211300073402 4.9611586 59.3025558 0 nan nan nan nan nan nan nan nan nan nan nan nan
1928 zr 1809211300005242 5.1102641 59.3570782 77 739.9696655273438 3.509121673172476 1.736021362929785e-25 0.9982599067431703 1.1782102367952398 2800.0 0.10607491428715378 0.07721633166164131 NonVar 0.66 1.0 0.032166722021738946
1927 zr 1809211300042432 5.1823096 59.3104334 34 17.40614128112793 1.2752025872366017 0.1305246122317062 0.012204237199357393 0.1085861249835345 2800.0 0.48514450482362254 0.010043147420460169 DSCT 0.59 1.0 0.04545410834517864
1928 zr 806203100021446 5.1102461 59.3570842 872 1239.101806640625 3.5793085677270597 1.2901924894035144e-144 0.5708566957877437 0.18833783281573643 0.9973636584210107 0.032840750691564974 0.0020671456382623313 EB_ED 0.83 1.0 0.052597657193327124
1919 zr 806203100060485 4.9633134 59.2926955 18 16.421554565429688 3.298704285062167 4.6922771939041926e-05 0.004841380227638442 0.3939260875774728 0.9972595695694649 0.8604881281443009 0.6798985930526589 NonVar 0.43 1.0 0.04515028173417716
1927 zr 806203100023273 5.1823393 59.310409 367 18.12224769592285 1.330102386393288 0.0007386437975470674 1.5502135276024267e-05 0.5079246849255694 0.9973469769214015 0.1591764474814368 0.10942804385266383 RRL_ab 0.76 1.0 0.5079356871805134
1922 zr 1809211300043501 5.0528105 59.248093 8 nan nan nan nan nan nan nan nan nan nan nan nan
2752 zr 806203100063113 5.0012692 59.3475426 1 nan nan nan nan nan nan nan nan nan nan nan nan
1930 zr 1809211300005599 5.1367321 59.3499705 77 169.84735107421875 2.2956106099296174 1.2151043500160918e-10 0.16007513054835762 1.9438763783503128 2800.0 0.18669707799902502 0.0270604299407428 EB_ED 0.91 1.0 0.04720674554058817
1930 zr 806203100021734 5.1367127 59.3499878 866 199.48960876464844 2.0057882032393715 9.63028067091128e-35 0.046117248986309034 0.13564415213781109 0.9973636584210107 0.04613557794895487 0.001808609376904203 NonVar 0.66 1.0 0.05935736876808161
1921 zr 1809211300006017 5.1561769 59.3409501 0 nan nan nan nan nan nan nan nan nan nan nan nan
1933 zr 1809211300042381 4.961623 59.309881 0 nan nan nan nan nan nan nan nan nan nan nan nan
2753 zr 806203100056739 5.1573134 59.3402812 4 nan nan nan nan nan nan nan nan nan nan nan nan
1931 zr 806203100022415 5.1686191 59.3319841 726 71.17617797851562 2.518078171084791 2.1154310119646665e-55 3.843201809966797e-05 0.18253096564659055 0.9973636584210107 0.08701065183840576 0.0008007643071714926 DSCT 0.6 1.0 0.1825331700039838
1931 zr 1809211300006448 5.1686338 59.3319762 67 46.414283752441406 2.48372348271751 4.611151202703562e-11 0.00133760197005745 0.10607341544207233 2800.0 0.3214166515249504 0.14211528280456492 NonVar 0.5 1.0 0.04199443267589559
2754 zr 1809211300066547 4.9706035 59.3270275 3 nan nan nan nan nan nan nan nan nan nan nan nan
1924 zr 1809211300043425 5.0278298 59.2518662 1 nan nan nan nan nan nan nan nan nan nan nan nan
1934 zr 1809211300062398 5.1194915 59.2525792 3 nan nan nan nan nan nan nan nan nan nan nan nan
1916 zr 1809211300061658 5.1578514 59.3400219 1 nan nan nan nan nan nan nan nan nan nan nan nan
1935 zr 1809211300042536 4.9610907 59.3004729 7 nan nan nan nan nan nan nan nan nan nan nan nan
1923 zr 806203100056725 5.1545921 59.3419737 2 nan nan nan nan nan nan nan nan nan nan nan nan
1936 zr 1809211300041779 5.1349376 59.3507589 76 27.667831420898438 1.285539465887506 0.043673754716688176 0.32205353412546217 0.10290825085521088 2800.0 0.17821493027281682 0.02682574652117914 EB_ED 0.48 1.0 0.09330873680633353
1936 zr 806203100051618 5.1348706 59.3507858 745 42.65718078613281 1.5513792397341801 1.7914749168044793e-12 0.015586391472416814 0.2601108171495037 0.9973636584210107 0.05643546133677537 0.00026486154958439847 EB_ED 0.44 1.0 0.5140827611443538
2755 zr 1809211300069899 5.099442 59.3589458 0 nan nan nan nan nan nan nan nan nan nan nan nan
1938 zr 1809211300005567 5.0030649 59.3484763 77 75.7091064453125 1.5517576145793215 0.0008989576189107111 0.03060415555367059 0.3185375801853682 2800.0 0.2239031555323817 0.048345804598944664 NonVar 0.54 1.0 0.03077301656152495
1932 zr 1809211300054481 4.9614052 59.2977975 2 nan nan nan nan nan nan nan nan nan nan nan nan
1938 zr 806203100021735 5.0030313 59.3484931 852 97.11669921875 1.4764656038290895 8.0202221898321e-11 0.023281873304261742 0.18796699227193123 0.9973636584210107 0.050313159800650514 0.005569722853570225 NonVar 0.57 1.0 0.1879659029124889
1934 zr 806203400062776 5.1195973 59.2524992 30 17.579809188842773 3.557434041343501 4.264344337557388e-09 0.002862705914289423 0.24383867570730278 0.997345022673726 0.6399044494309706 0.1554847305683386 DSCT 0.6 1.0 0.04240645384225399
1937 zr 1809211300054833 5.1640728 59.27189 68 54.582645416259766 2.9681488446736344 3.656372410619288e-16 0.15759150233500607 0.35682260170412483 2800.0 0.2118200100236368 0.03342077120591537 DSCT 0.61 1.0 0.06441168667280674
1935 zr 806203100065429 4.9608459 59.3005041 50 19.533721923828125 3.6227279889174 1.92434128680574e-11 0.0020390684159451986 0.1535696595365795 0.9972873006858975 0.553936558479803 0.11926342573521298 DSCT 0.51 1.0 0.039253574694378957
1939 zr 1809211300005798 4.9917441 59.3433771 42 15.335404396057129 1.407920546974379 0.04153744311635961 0.03454716505450807 0.10216520462187542 2800.0 0.38095440764996885 0.0005629827912637406 DSCT 0.86 1.0 0.07249868211239745
1939 zr 806203100021909 4.9917166 59.3433757 453 23.235204696655273 1.5148600141950126 8.439052868188037e-08 0.00019454937386483422 29.526296015833232 0.9973935516103238 0.11499066977022886 0.031149318615754065 EB_ED 0.3 1.0 29.497479017266247
1940 zr 1809211300054952 5.1492068 59.2627791 0 nan nan nan nan nan nan nan nan nan nan nan nan
1942 zr 1809211300008648 4.970734 59.2800552 47 25.380136489868164 2.099654650936003 1.554793727468217e-05 0.054914773467442834 1.2581814472218666 2800.0 0.3356079319021152 0.019967793511961273 DSCT 0.44 1.0 0.04173020164013993
1943 zr 806203100023140 4.9613049 59.3110748 116 21.126462936401367 2.1091831499182043 2.1331869798452126e-07 0.0067634593503568576 0.1012986608603524 0.9973469769214015 0.29308253338700524 0.004542701600362836 DSCT 0.71 1.0 0.09652448474829287
2756 zr 1809211300066856 5.1691211 59.2757157 0 nan nan nan nan nan nan nan nan nan nan nan nan
1941 zr 1809211300042826 5.1795654 59.2884271 58 22.793231964111328 1.8435021520201116 8.620059103435357e-05 0.002855488130071516 0.12636309440919355 2800.0 0.3574049347887762 0.0679373605766911 DSCT 0.74 1.0 0.044714524088844396
1943 zr 1809211300061885 4.9612558 59.3110966 13 11.45482349395752 1.7911224261169691 0.043604820660765736 0.002400620297223081 0.24544037948863343 2800.0 0.9080117732495449 0.32323309407497236 DSCT 0.66 1.0 0.05043378778496336
2757 zr 1809211300066874 5.1653534 59.2725114 1 nan nan nan nan nan nan nan nan nan nan nan nan
1944 zr 1809211300062410 5.0354699 59.2499943 0 nan nan nan nan nan nan nan nan nan nan nan nan
1945 zr 1809211300005085 5.0897573 59.3602608 76 261.5849914550781 2.2918573773638338 1.6894090288852007e-10 0.44547781322803087 0.1118994081967597 2800.0 0.1622100921374575 0.25620034171376715 NonVar 0.84 1.0 0.11189823859339595
1946 zr 1809211300061535 5.1151691 59.356582 0 nan nan nan nan nan nan nan nan nan nan nan nan
1947 zr 806203100060280 5.17074 59.330819 197 15.81740665435791 1.6560515181017728 5.573829664969062e-06 0.00374949322002612 0.3368518081259579 0.9973476737797078 0.18806724726916496 0.04885395144004986 NonVar 0.51 1.0 0.04284330123514658
1945 zr 806203100021302 5.0897309 59.3602765 870 335.232666015625 2.0369445508497206 5.674060210448141e-37 0.26597288706048655 0.17514924999291612 0.9973636584210107 0.03770772985321534 0.004082031034181805 EB_ED 0.86 1.0 0.03190693934158612
1949 zr 1809211300005680 5.1423611 59.3483589 34 14.089678764343262 1.9152172974163737 0.0011964225287842958 0.01786747923725368 0.16645763350593135 2800.0 0.4798982743944167 0.2957656877840819 DSCT 0.8 1.0 0.08314994228440252
1950 zr 806203400000442 5.0771119 59.2468192 731 283.1161193847656 2.4121283837718983 2.2587472166122395e-48 0.0004716520128129834 0.1380830867060687 0.9973636584210107 0.07753316810547968 0.008198450706054017 EB_ED 0.9 1.0 0.13808249882475077
1951 zr 806203100023811 5.1819744 59.2931269 838 407.005126953125 2.3929244013046236 2.5394269686331038e-54 0.07685494784021026 0.12761996550003266 0.9973636584210107 0.04584958535343827 0.0011820175064351218 NonVar 0.69 1.0 0.06800408802170088
1949 zr 806203100021792 5.1422885 59.3484002 260 17.32089614868164 1.2109467062458457 0.0330900779262366 0.0012541653535581155 1.037770356670071 0.9972683213692667 0.1587976102678005 0.02962472642517052 NonVar 0.54 1.0 0.030575022148066983
2758 zr 806203400044405 5.1022156 59.2488652 27 66.09042358398438 33.67163844764529 2.1586688412900092e-104 0.0002201237544865688 0.17354130422825914 0.997365532809621 0.8609843498222798 0.22660784024191136 DSCT 0.64 1.0 0.03619187701154102
1950 zr 1809211300043525 5.0771302 59.2468034 77 209.1092071533203 1.4833977286593236 0.0025489653276758793 0.3835065120599342 0.3021462646995729 2800.0 0.16500805524841142 0.004444773181086316 NonVar 0.6 1.0 0.08010721196462899
1947 zr 1809211300006495 5.1707912 59.3308828 16 8.708542823791504 0.9038334683425411 0.5593185936795454 0.032147765287314944 0.1737424576138109 2800.0 0.7521223291292226 0.2971954553937694 DSCT 0.76 1.0 0.07019344316822441
1951 zr 1809211300008248 5.1820106 59.293113 77 319.8200378417969 3.179642859048564 3.640091605486405e-21 0.3354908208625714 0.1104187210345928 2800.0 0.16862834158228332 0.011024712819743208 NonVar 0.55 1.0 0.03074530848455447
1952 zr 806203400000140 5.1395578 59.2582909 484 72.02738952636719 1.583150158150295 1.207560607130167e-08 0.011892196118261382 0.20417043937071938 0.9999755248720346 0.09488884460637674 0.011371796175286088 NonVar 0.51 1.0 0.20416713252636304
1953 zr 806203400051423 5.1182773 59.2518268 8 nan nan nan nan nan nan nan nan nan nan nan nan
2759 zr 806203100051543 5.0382185 59.3583992 9 nan nan nan nan nan nan nan nan nan nan nan nan
1954 zr 1809211300053762 5.0843021 59.360733 68 52.40510940551758 2.225328463147176 1.4478240249427916e-08 0.010199142955274644 0.1310152130740828 2800.0 0.28167345299949254 0.030928749801576543 DSCT 0.52 1.0 0.11584037382567895
1954 zr 806203100051525 5.0842564 59.3607383 715 66.39904022216797 1.5918402105085823 1.558313232341443e-13 0.03333621369248047 29.191539593373733 0.9973636584210107 0.05418418357389594 0.04057006570365096 NonVar 0.66 1.0 0.03740055239559249
1955 zr 806203400000142 5.0087443 59.2567318 342 31.65416717529297 1.4494102151138744 3.613768439418284e-05 0.0497755078544504 0.1632324237149916 0.9973848525478906 0.10231592756264603 0.0031053062586997673 NonVar 0.61 1.0 0.03822981534274878
1956 zr 1809211300066962 5.1262552 59.2538367 0 nan nan nan nan nan nan nan nan nan nan nan nan
1952 zr 1809211300009760 5.1395604 59.2582477 75 57.31642150878906 2.1273141795285957 1.2392345410196384e-08 0.1814262626760698 0.1387641505528368 2800.0 0.18904864038714594 0.07119940359688566 DSCT 0.5 1.0 0.053702003859181884
1955 zr 1809211300043331 5.0087157 59.2566871 65 23.388967514038086 1.5206601360327523 0.003867240820255582 0.1301722968686921 0.10421631364584263 2800.0 0.2325334269432007 0.017054935040970783 EB_ED 0.43 1.0 0.04115157842408427
1957 zr 806203400000432 5.0607148 59.2469429 726 2791.71240234375 16.06655754913107 0.0 0.8091038764490595 0.15774384428638674 0.9973636584210107 0.03616984664152445 0.004348667710813357 NonVar 0.66 1.0 0.038215355837982155
2760 zr 806203100056812 4.9733041 59.3310345 6 nan nan nan nan nan nan nan nan nan nan nan nan
1957 zr 1809211300010223 5.0607408 59.246925 77 600.26513671875 3.3075034224179505 8.026306782933427e-23 0.16445890833066762 0.1081956834667085 2800.0 0.18611283886316257 0.07363012904214898 NonVar 0.59 1.0 0.08892836672454038
1953 zr 1809211300055063 5.1182069 59.2516829 1 nan nan nan nan nan nan nan nan nan nan nan nan
1958 zr 806203400000446 5.0712305 59.2466089 578 31.864328384399414 1.3534318744833664 2.35505097503211e-05 0.0018008557854550878 0.14008400136206658 0.9973848525478906 0.08599648360851662 0.019410085771702366 NonVar 0.8 1.0 0.04096721373751281
1948 zr 1809211300062018 5.1841468 59.3010112 0 nan nan nan nan nan nan nan nan nan nan nan nan
1960 zr 1809211300006071 4.9803905 59.3369585 2 nan nan nan nan nan nan nan nan nan nan nan nan
