t_zr_0307.ecsv
# %ECSV 1.0
# ---
# datatype:
# - {name: SourceID, datatype: int32}
# - {name: filter, datatype: string}
# - {name: OID, datatype: string}
# - {name: RA, datatype: float64}
# - {name: DEC, datatype: float64}
# - {name: numobs, datatype: int32}
# - {name: DELTA_SIG_MAG, datatype: float64}
# - {name: CONST_CHI2, datatype: float64}
# - {name: sf, datatype: float64}
# - {name: rmse, datatype: float64}
# - {name: LNP_SIG, datatype: float64}
# - {name: period, datatype: float64}
# - {name: period_c, datatype: float64}
# - {name: power, datatype: float64}
# - {name: power_c, datatype: float64}
# - {name: mean, datatype: float64}
# - {name: std, datatype: float64}
# - {name: min, datatype: float64}
# - {name: max, datatype: float64}
# - {name: sigma_mean, datatype: float64}
# - {name: sigma_std, datatype: float64}
# - {name: gaussian1_err, datatype: float64}
# - {name: gaussian2_err, datatype: float64}
# - {name: gumbel_err, datatype: float64}
# - {name: g2_flag, datatype: float64}
# - {name: Pg1g2, datatype: float64}
# - {name: Pgug2, datatype: float64}
# - {name: Pg1gu, datatype: float64}
# - {name: shape, datatype: string}
# - {name: upsilon_class, datatype: string}
# - {name: upsilon_prob, datatype: float64}
# - {name: upsilon_flag, datatype: float64}
# - {name: upsilon_period, datatype: float64}
# - {name: identifier, datatype: string}
# - {name: dist, datatype: float64}
# - {name: type, datatype: string}
# - {name: Gaia_count, datatype: int32}
# - {name: multiflag, datatype: int32}
# - {name: GaiaDist, datatype: float64}
# - {name: fluxratio, datatype: float64}
# - {name: Gmag, datatype: float64}
# - {name: RFG, datatype: float64}
# - {name: Plx, datatype: float64}
# - {name: e_Plx, datatype: float64}
# - {name: Plxflag, datatype: int32}
# - {name: var, datatype: string}
# - {name: lc_var, datatype: string}
# - {name: var_flag, datatype: bool}
# schema: astropy-2.0
SourceID filter OID RA DEC numobs DELTA_SIG_MAG CONST_CHI2 sf rmse LNP_SIG period period_c power power_c mean std min max sigma_mean sigma_std gaussian1_err gaussian2_err gumbel_err g2_flag Pg1g2 Pgug2 Pg1gu shape upsilon_class upsilon_prob upsilon_flag upsilon_period identifier dist type Gaia_count multiflag GaiaDist fluxratio Gmag RFG Plx e_Plx Plxflag var lc_var var_flag
[from data line 398]
280 zr 1809211300066769 5.0966557 59.291565 73 38.93753433227539 1.464603691737419 0.9573016906045113 0.07997480034828186 0.0030553526355711833 0.23164594617296733 2800.0 0.30342449311605146 0.02286667236600565 19.35066795349121 0.07997480034828186 19.19939613342285 19.551105499267578 -0.0712449848651886 1.2080022096633911 0.9002386978357031 1.3393918043405344 0.8445355235016144 1.0 0.8680590926067984 0.9322821587003669 0.4675083364444834 gu EB_ESD 0.6 1.0 0.2316408792364036 "LGGS J002023.17+591729.6" 0.360226 Em* 1 0 0.356459 0.0 19.520214 345.392 0.2631 0.299 0 N N False
282 zr 806203100057059 5.1052304 59.2990003 409 20.091794967651367 1.436422565229846 0.9996604999594624 0.1866108626127243 0.001734935958334963 0.43154682322017396 0.997343815080248 0.11161627475043426 0.009997534839598385 20.644439697265625 0.1866108626127243 20.122657775878906 21.221460342407227 -0.10642043501138687 1.2107781171798706 0.014445170950363368 0.0056989764863876954 0.03735132093321887 1.0 0.08780078541322811 0.013831776358093406 0.8833496961539319 g1 DSCT 0.88 1.0 0.19199901445476542 "LGGS J002025.25+591756.9" 0.541931 Em* 1 0 0.541931 0.0 20.783272 59.3883 nan nan 0 N N False
279 zr 806203100063236 5.0456218 59.3152326 158 24.519306182861328 2.4578406255705754 0.07466650050398732 0.2212630808353424 0.0007710535044926798 2.887907706607868 0.9973062135504768 0.2857060083993004 0.0015101080535581568 20.675151824951172 0.2212630808353424 19.922443389892578 21.08932876586914 -0.16349612176418304 1.589678168296814 0.025004340186632525 0.032240010631640524 0.04083453252368641 0.0 0.715716816292586 0.31823417416341104 0.7334147484793305 g1 CEPH_Other 0.67 1.0 1.5234967152426506 "" nan "" 1 0 0.224517 0.0 21.010767 41.4743 -0.7879 3.7136 0 N N False
283 zr 1809211300054617 5.0540058 59.2888516 46 21.451366424560547 2.5112140140783157 0.11678421776701062 0.2445327788591385 0.00013432326253135413 1.0315289099963678 2800.0 0.5114081248259145 0.264913151002268 20.645801544189453 0.2445327788591385 20.08967399597168 21.253419876098633 -0.1951409876346588 1.6048228740692139 0.05576655062904891 0.0431117123887539 0.0947198187741242 1.0 0.30652313601165937 0.11523665722532617 0.7493801526231127 g1 T2CEPH 0.285 1.0 30.338126616278863 "" nan "" 1 0 0.085291 0.0 20.198593 149.228 -0.7151 0.499 0 N N False
282 zr 1809211300073412 5.1053121 59.2990308 48 16.501022338867188 1.4713111839161221 0.9107396185030857 0.1734006255865097 0.0020908878838202367 0.3259827977334811 2800.0 0.4307693290979373 0.2657330120984564 20.626039505004883 0.1734006255865097 20.175628662109375 20.953781127929688 -0.107612244784832 1.2166746854782104 0.22239713603387948 0.2480209176430123 0.1618344321665781 1.0 0.5727046869010916 0.8986682137362026 0.3427361639363258 gu DSCT 0.48 1.0 0.0370218646451171 "LGGS J002025.25+591756.9" 0.541931 Em* 1 0 0.541931 0.0 20.783272 59.3883 nan nan 0 N N False
286 zr 806203100056871 5.0736536 59.3215591 512 29.935565948486328 2.3906512465597105 0.011558225562605925 0.19364424049854279 0.0007368773224204778 0.2011427316647493 0.997343815080248 0.0970360441508775 0.049869778915702614 20.244680404663086 0.19364424049854279 19.7038631439209 20.864046096801758 -0.18609347939491272 1.5779062509536743 0.037712592983922426 0.004539414778012883 0.0720911920457706 1.0 0.008664505272158896 0.0023981925801056514 0.7939962888645137 g1 EB_ESD 0.47 1.0 17.34391097241381 "[TG2009] 26" 0.764115 Cl* 0 0 0.0 0.0 0.0 0.0 0.0 0.0 0 N N False
285 zr 806203100063216 5.0849951 59.3203182 464 30.410554885864258 1.6231557853993646 0.9872752926959696 0.15240024030208588 1.498166099554969e-06 2800.0 0.997343815080248 0.1568389155406341 0.8157612336054624 20.176250457763672 0.15240024030208588 19.644298553466797 20.630077362060547 -0.12469081580638885 1.2902549505233765 0.0037093378230811627 0.0043219548927835106 0.03892833040432682 0.0 0.6138533271216886 0.007385108218258107 0.9969624274643996 g1 NonVar 0.91 1.0 2263.3803819000022 "" nan "" 1 0 0.053042 0.0 19.870848 253.6 -0.0332 0.3757 0 N N False
286 zr 1809211300054190 5.0736651 59.3215749 58 27.154430389404297 2.79775031452305 0.025071603549122762 0.21375305950641632 0.012279826313615525 0.46739829441295544 2800.0 0.32945478160562286 0.019757949049205567 20.2237548828125 0.21375305950641632 19.807546615600586 20.869216918945312 -0.24111010134220123 1.7071533203125 0.15176088774579538 0.19032335490122748 0.17943867078780698 0.0 0.6870030978450002 0.528012444400469 0.5846281380160487 g1 EB_ESD 0.32 1.0 0.07944336182327454 "[TG2009] 26" 0.764115 Cl* 0 0 0.0 0.0 0.0 0.0 0.0 0.0 0 N N False
285 zr 1809211300076367 5.0850589 59.3203412 51 29.820871353149414 2.372159007263853 0.17258562387210005 0.18494321405887604 0.04460736623674739 0.11459144183413837 2800.0 0.32518134128130105 0.07736581091654905 20.206836700439453 0.18494321405887604 19.707500457763672 20.743425369262695 -0.19097237288951874 1.5607516765594482 0.1532025787251965 0.10927713573950089 0.16511403030817967 0.0 0.26526317813301503 0.23151383733430841 0.5380713911095478 g1 EB_ESD 0.24 1.0 0.03103460079695471 "" nan "" 1 0 0.053042 0.0 19.870848 253.6 -0.0332 0.3757 0 N N False
287 zr 806203100065928 5.1050723 59.3094998 106 18.276351928710938 1.8588864620626713 0.6296158128595231 0.22086556255817413 0.005149250318107221 7.255138863218873 0.9972088334018986 0.33388531962695095 0.007608656195509559 20.83254623413086 0.22086556255817413 20.211835861206055 21.268287658691406 -0.1286253035068512 1.3719865083694458 0.08029347076137464 0.13973225292 0.09613498674909568 1.0 0.9989668689559378 0.8433750117390078 0.5908471242814879 g1 CEPH_Other 0.25 1.0 7.259723924019614 "" nan "" 0 0 0.0 0.0 0.0 0.0 0.0 0.0 0 N N False
288 zr 806203100065442 5.1024372 59.2952217 309 20.481752395629883 1.7782121233673762 0.8528451878735875 0.21274271607398987 0.0016836787643875052 0.9872942804179282 0.997343815080248 0.1455859485175052 0.07393003062747082 20.747262954711914 0.21274271607398987 20.13192367553711 21.309547424316406 -0.12733997404575348 1.3492363691329956 0.042764657184069146 0.018524485264399544 0.11501472921316305 0.0 0.10491200596900785 0.015386221461801797 0.8924217050067235 g1 LPV_SRV_AGB_O 0.7 1.0 98.40784269130445 "LGGS J002024.62+591742.7" 0.193897 Em* 1 0 0.190927 0.0 20.633373 127.851 0.1001 0.7779 0 N N False
288 zr 1809211300054558 5.1024304 59.2952037 37 17.64813232421875 1.9428634822579676 0.5173570672987013 0.21098247170448303 0.39800834236133154 0.5070890840747854 2800.0 0.32043032300268 0.3161420415330365 20.7144775390625 0.21098247170448303 20.178539276123047 21.068565368652344 -0.14104245603084564 1.398728609085083 0.5214626930240237 0.511862614427737 0.5041582830053095 1.0 0.46423818611067325 0.49122943175683764 0.48281826628453217 gu DSCT 0.5 1.0 0.03326793018955527 "LGGS J002024.62+591742.7" 0.193897 Em* 1 0 0.190927 0.0 20.633373 127.851 0.1001 0.7779 0 N N False
289 zr 806203100023002 5.0968351 59.3163933 859 145.47525024414062 0.9507340934372569 1.0 0.024185486137866974 0.03920601637709252 0.20732735420862347 0.997336033066433 0.050045260790054724 0.0015319558644033516 17.726009368896484 0.024185486137866974 17.639062881469727 17.818756103515625 -0.011847442016005516 0.9741756319999695 0.6474396846816418 0.1535421481317015 1.3488828667799884 1.0 0.03283628704894248 0.007758745728640326 0.8230936798641781 g1 EB_ED 0.89 1.0 0.06300639902067019 "" nan "" 1 0 0.043518 0.0 17.779066 1162.17 0.5276 0.0886 1 N N False
289 zr 1809211300054271 5.0968487 59.3163917 77 115.86295318603516 1.1851356147214986 0.9981993831034666 0.024309678003191948 0.16875213650058182 0.13912911704062467 2800.0 0.20264060817576388 0.002502541325401927 17.71753692626953 0.024309678003191948 17.667724609375 17.785953521728516 -0.013898950070142746 1.0818120241165161 6.532999663816071 8.5570101198774 10.299052567396634 1.0 0.732214981101192 0.34827539342757907 0.7186080748659365 g1 DSCT 0.6 1.0 0.05423902671755718 "" nan "" 1 0 0.043518 0.0 17.779066 1162.17 0.5276 0.0886 1 N N False
292 zr 806203100057124 5.0992041 59.2926517 576 26.090219497680664 1.6390993046907243 0.9920989910526274 0.16287492215633392 0.03068396475884745 0.11017490346489076 0.997336033066433 0.06832662215234783 0.00787712875709521 20.296070098876953 0.16287492215633392 19.778884887695312 20.717815399169922 -0.12734457850456238 1.298179268836975 0.003939471318955648 0.005438226923842999 0.05263511490769157 1.0 0.7881339565606139 0.00640556902917877 0.9985557110850688 g1 NonVar 0.78 1.0 0.045858277500075886 "[TG2009] 43" 0.36472 Cl* 0 0 0.0 0.0 0.0 0.0 0.0 0.0 0 N N False
293 zr 806203100065453 5.0487713 59.2905853 612 60.70647430419922 3.559708495654479 1.0535915858017827e-16 0.16041679680347443 1.4930532722466203e-06 0.4997115594777813 0.9973306993528436 0.12346570791680063 0.1313795551032544 19.704526901245117 0.16041679680347443 19.05938148498535 20.256526947021484 -0.20730535686016083 1.9195975065231323 0.0021190437222454992 0.0012354543861367066 0.05319032036318128 1.0 0.18332333393779732 0.0003288386800581744 0.9998098917177022 g1 DSCT 0.67 1.0 0.06697362673950992 "" nan "" 2 1 1.438019 1.0289452101201502 19.861168 286.547 -0.3667 0.352 0 V V False
292 zr 1809211300042728 5.0992504 59.2926011 60 20.5905818939209 1.3744805599476482 0.9681443700183802 0.16430626809597015 0.25525036708884613 0.6562192173171888 2800.0 0.23506304275655096 0.02799757281546381 20.32560157775879 0.16430626809597015 20.002588272094727 20.856502532958984 -0.12494612485170364 1.1809149980545044 0.13950915143898165 0.07791790423829821 0.13941668024178994 0.0 0.1692622515343608 0.16947135037019756 0.4996623103037241 gu EB_ESD 0.31 1.0 0.035065363633477696 "[TG2009] 43" 0.36472 Cl* 0 0 0.0 0.0 0.0 0.0 0.0 0.0 0 N N False
296 zr 1809211300054636 5.0576866 59.2875437 34 12.452012062072754 1.1253421701542137 0.9796356321934788 0.16222067177295685 0.1970116349221629 0.14178138387459158 2800.0 0.3802113952807381 0.010551926025740932 20.634634017944336 0.16222067177295685 20.33724021911621 20.976367950439453 -0.08598758280277252 1.055932641029358 0.8429942179715232 1.235195960391538 0.9021670416268411 1.0 0.8519299618377525 0.7793239294546604 0.5345041054230286 g1 DSCT 0.61 1.0 0.04751948696308869 "" nan "" 1 0 0.112068 0.0 20.739458 95.1314 -0.5117 2.0164 0 N N False
297 zr 1809211300054633 5.0557285 59.2880089 77 48.83502960205078 1.2843456667641127 0.9935547415764052 0.0638144239783287 0.049607361844560736 0.12004738796201207 2800.0 0.23156634864773565 0.0006075921177215738 19.17051887512207 0.0638144239783287 18.997072219848633 19.31600570678711 -0.05178408697247505 1.129494547843933 0.7828576760670354 0.6747935566012834 0.8078304015688321 1.0 0.3714410301963047 0.35156994402843544 0.5159879147477424 g1 NonVar 0.59 1.0 0.036887657898389735 "" nan "" 1 0 0.065858 0.0 19.148169 493.903 0.1104 0.2153 0 N N False
298 zr 806203100056916 5.0441586 59.3148428 281 23.896554946899414 2.289462462374179 0.0968532389918447 0.19055089354515076 0.002094606148459934 0.18064110661245866 0.997343815080248 0.15090095794448344 0.002144053254648298 20.360902786254883 0.19055089354515076 19.848617553710938 20.74634552001953 -0.16865794360637665 1.5401089191436768 0.03520442915020294 0.00920350579907841 0.0694203771048174 1.0 0.03969853598529727 0.010485399601277035 0.8048360330762785 g1 DSCT 0.89 1.0 0.0937936051177922 "" nan "" 1 0 0.256892 0.0 20.532717 144.375 -1.3076 0.813 0 N N False
301 zr 806203100066253 5.0937448 59.2896976 403 40.32582092285156 2.3759244152347536 0.02742697547751476 0.15474358201026917 0.011044885021912467 0.31387451670058925 0.9973357126290449 0.10131366189063629 0.0009561500062164857 19.95756721496582 0.15474358201026917 19.397340774536133 20.4724063873291 -0.15824629366397858 1.5639170408248901 0.030136176057797417 0.008284444049344634 0.12341301652517707 1.0 0.04376855661295642 0.0027233288274648437 0.9586389936387352 g1 NonVar 0.63 1.0 0.035826448755486906 "LGGS J002022.58+591723.2" 0.318503 Em* 0 0 0.0 0.0 0.0 0.0 0.0 0.0 0 N N False
300 zr 1809211300007843 5.0380517 59.2991949 61 25.613147735595703 1.7433392226485462 0.7497978367875919 0.14595894515514374 0.014215262870727706 0.16518162840004072 2800.0 0.3123819430001588 0.03233410497821215 20.16948127746582 0.14595894515514374 19.770999908447266 20.574703216552734 -0.13087859749794006 1.330561876296997 0.12119769102586321 0.07275543621173572 0.27214605044547596 1.0 0.1935079933368078 0.04146117379439784 0.8460421770313503 g1 DSCT 0.46 1.0 0.03235086282038591 "[MAC92]  3" 0.098791 WR* 1 0 0.094094 0.0 20.309113 127.038 0.0527 0.5478 0 N N False
298 zr 1809211300061870 5.0440919 59.3148442 25 14.079215049743652 1.3000345177146626 0.9019562548130023 0.15336155891418457 5.737577699131866e-05 0.10972241539983398 2800.0 0.766718805795388 0.039061360354447315 20.329898834228516 0.15336155891418457 20.107421875 20.640052795410156 -0.11555088311433792 1.1340315341949463 0.6939342911881177 0.660284204719213 0.6566238583663064 0.0 0.44041816673506506 0.4834218381528771 0.47187834322333055 gu EB_EC 0.68 1.0 0.1406270669727721 "" nan "" 1 0 0.256892 0.0 20.532717 144.375 -1.3076 0.813 0 N N False
301 zr 1809211300066782 5.09374 59.2896765 38 21.8498592376709 1.3489878307829661 0.9344267660168493 0.11997582018375397 0.17347125583463935 0.3248140124996036 2800.0 0.35560519231163373 0.00401642037433087 19.960973739624023 0.11997582018375397 19.755386352539062 20.2742919921875 -0.10110697150230408 1.1588536500930786 0.08858991264965012 0.10783969062462971 0.11966563419930833 1.0 0.6568137515185972 0.40125678733894576 0.6492013069096824 g1 DSCT 0.49 1.0 0.06722351048644704 "LGGS J002022.58+591723.2" 0.318503 Em* 0 0 0.0 0.0 0.0 0.0 0.0 0.0 0 N N False
304 zr 1809211300007467 5.0373089 59.3075038 75 47.73591613769531 1.1650322816753096 0.9984561164694942 0.06335348635911942 0.7076609345361239 0.1677796914226297 2800.0 0.16019664036351278 0.12743005209538583 19.218299865722656 0.06335348635911942 19.045530319213867 19.386760711669922 -0.049353133887052536 1.0755332708358765 0.7717837087663011 0.20721637824433192 0.9621790823757272 1.0 0.041808529218160806 0.02720313991689416 0.610727379235378 g1 NonVar 0.65 1.0 0.04144008475501351 "" nan "" 1 0 0.049203 0.0 19.312151 384.442 0.4222 0.2454 1 N N False
305 zr 806203100065450 5.0438703 59.2928933 393 30.768291473388672 1.7695408663553724 0.89886899152855 0.18270178139209747 0.0008999406744944886 0.3324073315951698 0.997336033066433 0.11745060274912661 0.06476622994106071 20.53564453125 0.18270178139209747 19.699329376220703 21.00344467163086 -0.12362641841173172 1.3474290370941162 0.025998348919038954 0.01965002087112299 0.0655490053777544 1.0 0.29440116882619205 0.05176964860203126 0.8772294779329797 g1 RRL_c 0.25 1.0 0.3324078162477102 "" nan "" 1 0 0.106795 0.0 20.724249 107.782 -0.3208 1.1591 0 N N False
304 zr 806203100023322 5.0372847 59.3075139 816 80.86737823486328 1.4984823817542292 0.9999651967503139 0.07786280661821365 0.08668351018354281 1.0099947802930078 0.997336033066433 0.04852440706802797 0.023246501867257265 19.235103607177734 0.07786280661821365 18.866283416748047 19.642921447753906 -0.06684690713882446 1.2281289100646973 0.021850314665985405 0.0010987105335454818 0.043150236138555745 1.0 0.001533111812738186 0.00039501004640973836 0.8053374714340032 g1 EB_ED 0.81 1.0 0.038437849278396 "" nan "" 1 0 0.049203 0.0 19.312151 384.442 0.4222 0.2454 1 N N False
