t_zr_0307.ecsv
# %ECSV 1.0
# ---
# datatype:
# - {name: SourceID, datatype: int32}
# - {name: filter, datatype: string}
# - {name: OID, datatype: string}
# - {name: RA, datatype: float64}
# - {name: DEC, datatype: float64}
# - {name: numobs, datatype: int32}
# - {name: DELTA_SIG_MAG, datatype: float64}
# - {name: CONST_CHI2, datatype: float64}
# - {name: sf, datatype: float64}
# - {name: rmse, datatype: float64}
# - {name: LNP_SIG, datatype: float64}
# - {name: period, datatype: float64}
# - {name: period_c, datatype: float64}
# - {name: power, datatype: float64}
# - {name: power_c, datatype: float64}
# - {name: mean, datatype: float64}
# - {name: std, datatype: float64}
# - {name: min, datatype: float64}
# - {name: max, datatype: float64}
# - {name: sigma_mean, datatype: float64}
# - {name: sigma_std, datatype: float64}
# - {name: gaussian1_err, datatype: float64}
# - {name: gaussian2_err, datatype: float64}
# - {name: gumbel_err, datatype: float64}
# - {name: g2_flag, datatype: float64}
# - {name: Pg1g2, datatype: float64}
# - {name: Pgug2, datatype: float64}
# - {name: Pg1gu, datatype: float64}
# - {name: shape, datatype: string}
# - {name: upsilon_class, datatype: string}
# - {name: upsilon_prob, datatype: float64}
# - {name: upsilon_flag, datatype: float64}
# - {name: upsilon_period, datatype: float64}
# - {name: identifier, datatype: string}
# - {name: dist, datatype: float64}
# - {name: type, datatype: string}
# - {name: Gaia_count, datatype: int32}
# - {name: multiflag, datatype: int32}
# - {name: GaiaDist, datatype: float64}
# - {name: fluxratio, datatype: float64}
# - {name: Gmag, datatype: float64}
# - {name: RFG, datatype: float64}
# - {name: Plx, datatype: float64}
# - {name: e_Plx, datatype: float64}
# - {name: Plxflag, datatype: int32}
# - {name: var, datatype: string}
# - {name: lc_var, datatype: string}
# - {name: var_flag, datatype: bool}
# schema: astropy-2.0
SourceID filter OID RA DEC numobs DELTA_SIG_MAG CONST_CHI2 sf rmse LNP_SIG period period_c power power_c mean std min max sigma_mean sigma_std gaussian1_err gaussian2_err gumbel_err g2_flag Pg1g2 Pgug2 Pg1gu shape upsilon_class upsilon_prob upsilon_flag upsilon_period identifier dist type Gaia_count multiflag GaiaDist fluxratio Gmag RFG Plx e_Plx Plxflag var lc_var var_flag
[from data line 341]
235 zr 1809211300054313 5.0450807 59.3122947 16 20.43304443359375 3.2416580496308796 0.059974205334052386 0.2440069168806076 0.022774449984089357 0.19479248203925909 2800.0 0.7638441130494278 0.06357904865863374 20.68299102783203 0.2440069168806076 20.076404571533203 21.06696891784668 -0.21522091329097748 1.7918404340744019 0.10714577338862288 0.08136541601718109 0.13202015306828235 1.0 0.2968964168797077 0.2031380651921476 0.6049880130420855 g1 DSCT 0.45 1.0 0.03712613382378064 "" nan "" 0 0 0.0 0.0 0.0 0.0 0.0 0.0 0 N N False
238 zr 1809211300070169 5.0424907 59.3096471 75 44.7384033203125 2.177912679344577 0.2808627567201441 0.12808091938495636 0.0020363946184058456 0.9976105485101637 2800.0 0.30544462607680684 0.9807305893553461 19.792858123779297 0.12808091938495636 19.354352951049805 20.14356231689453 -0.1345558762550354 1.4850150346755981 0.1662350691841737 0.10582550521975084 0.3757831157539053 0.0 0.21560940303285003 0.04586609017262422 0.8479853236931574 g1 NonVar 0.49 1.0 0.09716212674954378 "" nan "" 1 0 0.066279 0.0 19.791401 297.995 0.408 0.3536 1 N N False
238 zr 806203100060365 5.0424816 59.3096414 734 47.12139892578125 1.9249175301821848 0.6973723382498747 0.12288819998502731 0.005207193176869355 0.15495017662068875 0.997336033066433 0.0643575970285956 0.007416666743444195 19.79674530029297 0.12288819998502731 19.266481399536133 20.11032485961914 -0.11501987278461456 1.401204228401184 0.02880388993737597 0.0023425446644751236 0.13947433966207406 1.0 0.003986187185847756 0.0001721544249502216 0.9728993814303661 g1 NonVar 0.59 1.0 0.04521371903765071 "" nan "" 1 0 0.066279 0.0 19.791401 297.995 0.408 0.3536 1 N N False
237 zr 1809211300042254 5.0710342 59.3200475 24 23.292335510253906 3.3948930522022827 0.01963468528800038 0.22830608487129211 3.6249646760562656e-06 0.49938947144451795 2800.0 0.8366046598319137 0.9903649116978702 20.74687957763672 0.22830608487129211 19.96881866455078 21.03799057006836 -0.20057101547718048 1.8528437614440918 0.7180706792570499 0.8120534343171757 0.7502639524163779 0.0 0.585599063492263 0.5457377794342747 0.5223237025618158 g1 CEPH_Other 0.35 1.0 2.964859296136373 "" nan "" 1 0 0.098337 0.0 20.682533 142.335 0.2927 0.9023 0 N N False
239 zr 1809211300054320 5.0434879 59.3110445 24 19.61661148071289 2.8753305658147066 0.07991827438710605 0.2595985233783722 0.012665893765830745 0.1421924129133818 2800.0 0.6243170519751722 0.002803180963584512 20.752424240112305 0.2595985233783722 20.169801712036133 21.278881072998047 -0.20579950511455536 1.7019917964935303 0.2372369067506665 0.32374819195665605 0.24874277742062417 1.0 0.7758145456510477 0.7255484398032491 0.5241045272706466 g1 DSCT 0.66 1.0 0.036968358776354314 "" nan "" 0 0 0.0 0.0 0.0 0.0 0.0 0.0 0 N N False
239 zr 806203100056956 5.0433813 59.3110597 190 17.958789825439453 1.5843986892555695 0.9526087862240032 0.20612314343452454 1.92164856552247e-06 29.54414286341114 0.9973458274364851 0.2987740023738735 0.05933902659364191 20.837982177734375 0.20612314343452454 20.237550735473633 21.304975509643555 -0.11073125153779984 1.2693089246749878 0.12005403942438715 0.066686112317184 0.10187443425222209 1.0 0.16754630072848098 0.2269067137294185 0.4170257117556323 gu LPV_SRV_AGB_O 0.28 1.0 29.466317388157844 "" nan "" 0 0 0.0 0.0 0.0 0.0 0.0 0.0 0 N N False
241 zr 1809211300007446 5.0411318 59.3081106 77 128.9874267578125 0.9746511939916275 0.9999521607200368 0.01848999597132206 0.02091582834568729 0.1002086075038256 2800.0 0.25077633399709737 0.24609218739811456 17.34550666809082 0.01848999597132206 17.31342315673828 17.4051513671875 -0.00822066143155098 0.9809147715568542 8.633474857962632 3.340524694190533 2.7558010891930627 1.0 0.08459717456114313 0.6526087647573608 0.07747456053428814 gu EB_ED 0.42 1.0 0.11888810285433055 "" nan "" 1 0 0.066353 0.0 17.38582 925.615 0.4025 0.0796 1 N N False
242 zr 1809211300061951 5.1038373 59.3060598 77 151.92291259765625 9.179988423310819 1.4238653066326022e-36 0.1118723452091217 4.061393295324313e-28 2800.0 2800.0 0.8546843393716047 0.999252861865242 18.585941314697266 0.1118723452091217 18.367042541503906 18.836769104003906 -0.22246868908405304 3.035271406173706 2.0739763046822204 0.13455311034633735 2.4029742204543423 0.0 0.0025448752736942915 0.0018990180321010186 0.5745172575662785 g2 LPV_Mira_AGB_C 0.35 1.0 1328.6934374999983 "" nan "" 1 0 0.029164 0.0 18.194244 280.293 -0.0203 0.1251 0 P V False
242 zr 806203100023385 5.1038434 59.3060733 845 172.17822265625 12.900229107189235 0.0 0.1509360373020172 1.3576368589333471e-133 1608.4660693605288 0.997336033066433 0.7678112515459425 0.19200549998702549 18.62109375 0.1509360373020172 18.28986930847168 18.962194442749023 -0.3558894991874695 3.639608144760132 0.17372979165207011 0.07120983817504452 0.15957578862205996 0.0 0.09444107079399489 0.11100199328382321 0.45680990091966667 gu LPV_SRV_AGB_C 0.42 0.0 1511.901550900002 "" nan "" 1 0 0.029164 0.0 18.194244 280.293 -0.0203 0.1251 0 P P False
241 zr 806203100023302 5.0411151 59.3081322 854 250.2303924560547 1.243511699567538 0.9999999999580867 0.023144040256738663 0.15133994516876612 0.5072916407982229 0.997336033066433 0.04415961160263034 0.01627617443668248 17.35337257385254 0.023144040256738663 17.22560691833496 17.44012451171875 -0.010836537927389145 1.1140178442001343 0.41276317013758607 0.09220217297371007 1.0189876837721876 1.0 0.02921696369708915 0.004925426648736075 0.8719378326958154 g1 NonVar 0.71 1.0 0.030093781492048156 "" nan "" 1 0 0.066353 0.0 17.38582 925.615 0.4025 0.0796 1 N N False
243 zr 1809211300062103 5.0537962 59.290385 65 19.21681022644043 1.301593282387553 0.986337873182627 0.13315443694591522 0.011433887780123025 0.15899433054050752 2800.0 0.3026580494853313 0.03710933443911174 20.176244735717773 0.13315443694591522 19.883480072021484 20.458545684814453 -0.10616284608840942 1.1470592021942139 0.25120617237910386 0.29985249784447837 0.3541535172433602 1.0 0.6373500966563489 0.3599995504228495 0.6691009414287803 g1 DSCT 0.61 1.0 0.18904891711351834 "" nan "" 1 0 0.159359 0.0 19.991388 278.189 0.4642 0.3932 1 N N False
243 zr 806203100065957 5.0537389 59.2903854 570 24.02338218688965 1.243890879086938 0.9999999762545343 0.1379941701889038 0.0001471414750098902 1.0351985220482898 0.997338895506679 0.10303828457534785 0.022947682326560304 20.206974029541016 0.1379941701889038 19.805191040039062 20.624862670898438 -0.09856399893760681 1.1266624927520752 0.020961868728024333 0.00198127716161949 0.02387216873700272 0.0 0.005370109896054465 0.004150001012027671 0.565887837971153 g2 EB_ESD 0.51 1.0 1.03519739763615 "" nan "" 1 0 0.159359 0.0 19.991388 278.189 0.4642 0.3932 1 N N False
244 zr 806203100023724 5.1001798 59.295854 628 27.71405601501465 1.1890661559555142 0.99999999991477 0.11694072932004929 0.005480876742930267 0.9866619585675658 0.997336033066433 0.07120681763467097 0.003251868820152683 19.973283767700195 0.11694072932004929 19.63290786743164 20.337873458862305 -0.08689094334840775 1.0991976261138916 0.12241567234215782 0.11770493539102253 0.1283186996315993 0.0 0.44831293391301574 0.4136892758315409 0.5239695802970414 g1 EB_ESD 0.3 1.0 0.9866662285621071 "[LL2015] 58" 0.078154 Cl* 1 0 0.086762 0.0 20.368279 163.531 0.2497 0.6312 0 N N False
245 zr 1809211300054518 5.1017462 59.2974729 45 22.645511627197266 2.0672733281515203 0.4102189732988596 0.2039397954940796 0.03204146770969091 0.14200829273837262 2800.0 0.37099786060754186 0.13357146344960674 20.660533905029297 0.2039397954940796 19.9910888671875 21.038890838623047 -0.1436552107334137 1.447569727897644 0.1875476966383575 0.2731232775293241 0.16487370220007486 1.0 0.8454135389118118 0.9701436233291142 0.4346917568272727 gu NonVar 0.42 1.0 0.0308743625056076 "LGGS J002024.44+591751.1" 0.20189 Em* 1 0 0.208382 0.0 20.757708 67.5207 3.226 1.5137 1 N N False
244 zr 1809211300070262 5.10019 59.2958472 67 21.315698623657227 0.9023792917383214 0.9999650639298245 0.10594024509191513 0.41292055256583216 0.16766424109479536 2800.0 0.19918587108015 0.04833080427379212 20.00894546508789 0.10594024509191513 19.80884552001953 20.384613037109375 -0.07391108572483063 0.95075523853302 0.46667694313029856 0.6966030751094135 0.5410732900459424 1.0 0.8714824470031864 0.7141532147729726 0.5748560226606778 g1 EB_ED 0.59 1.0 0.05890898372092983 "[LL2015] 58" 0.078154 Cl* 1 0 0.086762 0.0 20.368279 163.531 0.2497 0.6312 0 N N False
245 zr 806203100057081 5.1017785 59.2974807 389 22.857934951782227 1.915749096751507 0.6633763076585353 0.21047081053256989 0.01242851592992175 0.1659040363402164 0.997343815080248 0.10111770362418293 0.02622683434779541 20.62832260131836 0.21047081053256989 20.008073806762695 21.19532585144043 -0.14119645953178406 1.4039735794067383 0.022723552804293144 0.018719184822988323 0.05609182628000977 1.0 0.34307102696363345 0.06368421205108632 0.8719116078120401 g1 DSCT 0.95 1.0 0.06946613617432677 "LGGS J002024.44+591751.1" 0.20189 Em* 1 0 0.208382 0.0 20.757708 67.5207 3.226 1.5137 1 N N False
247 zr 806203100043917 5.0516992 59.2911242 837 337.47552490234375 4.764995657780227 1.882328796982791e-49 0.042287733405828476 2.8073570789992447e-10 0.9978626305062529 0.997336033066433 0.1357790467602825 0.25867868512422615 17.196819305419922 0.042287733405828476 17.061634063720703 17.320056915283203 -0.03575897216796875 2.1811859607696533 0.15828566711202918 0.03662827227644472 1.346662944695647 1.0 0.031302034819565616 0.00045058604907688427 0.9943179275791073 g1 NonVar 0.38 1.0 0.997954819075909 "[TG2009] 20" 0.154513 Cl* 2 1 0.277719 1.6251128798105061 18.715517 67.8969 nan nan 0 V V False
246 zr 806203100057030 5.0403141 59.3009817 103 16.389793395996094 1.7762992099667767 0.7094682214831985 0.25182095170021057 0.015544283097480537 0.19772538106082388 0.9973367425413534 0.3222207921364887 0.03377817756413889 21.22702980041504 0.25182095170021057 20.495811462402344 21.888084411621094 -0.1200333833694458 1.3388350009918213 0.048553400510007554 0.028680603577529773 0.05267156966008783 0.0 0.1878213606703787 0.16143990892269255 0.5413825882096335 g1 DSCT 0.84 1.0 0.07553134053504908 "" nan "" 0 0 0.0 0.0 0.0 0.0 0.0 0.0 0 N N False
247 zr 1809211300042739 5.0516869 59.2911032 77 291.7023010253906 5.470591459181136 3.3805250756267615e-14 0.04035099968314171 0.001509513456528652 0.1101363750551017 2800.0 0.304978436465815 0.024812240532524572 17.18064308166504 0.04035099968314171 17.085039138793945 17.262205123901367 -0.03881729394197464 2.324667453765869 5.467643498393005 1.679054806321009 6.557515379759097 1.0 0.054240102536639134 0.03812510289531368 0.5916880459750903 g1 DSCT 0.7 1.0 0.0991858343908628 "[TG2009] 20" 0.154513 Cl* 2 1 0.277719 1.6251128798105061 18.715517 67.8969 nan nan 0 V V False
248 zr 1809211300042793 5.0833012 59.2884233 29 17.82647132873535 1.8877261281462996 0.5495220369731615 0.1768389195203781 0.02856888302422551 0.576426691061126 2800.0 0.5189497502408336 0.037839922005505844 20.46666717529297 0.1768389195203781 20.043832778930664 20.7434139251709 -0.14320500195026398 1.3758571147918701 0.5905527185974527 1.0015321387320775 0.6068525258264792 1.0 0.9866718435236389 0.967200744295576 0.5138635468657392 g1 DSCT 0.78 1.0 0.050103419517594845 "" nan "" 0 0 0.0 0.0 0.0 0.0 0.0 0.0 0 N N False
2226 zr 806203100060351 5.0449276 59.3129331 43 34.24922561645508 13.497079538164629 9.304539815603606e-21 0.38120603561401367 6.849268768365819e-06 0.2592449779927279 0.9973427362099657 0.8360895380825153 0.5716516549836975 20.978551864624023 0.38120603561401367 19.58834457397461 21.419315338134766 -0.5782024264335632 3.8873488903045654 0.038642928823103564 0.0564823640925368 0.04833194504174676 0.0 0.8493192733178343 0.6167226151755145 0.6123043485336093 g1 DSCT 0.51 1.0 0.03340979307421842 "" nan "" 0 0 0.0 0.0 0.0 0.0 0.0 0.0 0 V V False
249 zr 1809211300070123 5.052721 59.3171904 65 24.486328125 1.3258837031316948 0.9828087774334702 0.1257699728012085 0.04638740004137432 0.14517263299569233 2800.0 0.26864458571915323 0.00857012887142858 20.09149169921875 0.1257699728012085 19.743196487426758 20.388404846191406 -0.10202550143003464 1.1564170122146606 0.5577555828819741 0.5252608433873235 0.5179054121699228 0.0 0.432746689016999 0.4903601594460921 0.46230721973283795 gu DSCT 0.51 1.0 0.04016394506286898 "" nan "" 1 0 0.107275 0.0 19.790628 306.123 0.3933 0.3637 1 N N False
249 zr 806203100065920 5.0527073 59.3172155 610 25.816808700561523 1.4758171491655243 0.9999177054777788 0.14062339067459106 0.02731890988500033 1.567159655453232 0.997336033066433 0.0648588577010957 0.00020942151406121964 20.094043731689453 0.14062339067459106 19.709911346435547 20.468456268310547 -0.11324653029441833 1.2288227081298828 0.07462641150302998 0.020854599780027204 0.03493539602526067 1.0 0.04518620323635658 0.19151248777194274 0.1690054983941478 gu NonVar 0.67 1.0 0.07875307588811345 "" nan "" 1 0 0.107275 0.0 19.790628 306.123 0.3933 0.3637 1 N N False
250 zr 806203100064642 5.0395718 59.3040074 89 21.46367073059082 3.137718114550939 0.007134716403827935 0.2771444618701935 0.009739571731345932 0.11158376405921021 0.9972108858153861 0.3748534938218083 0.0494731104337189 20.91674041748047 0.2771444618701935 20.141990661621094 21.528152465820312 -0.20328064262866974 1.7957358360290527 0.08642856696262903 0.02856053800752091 0.12264042165960302 0.0 0.06248678613054626 0.031692297592261554 0.67207414263349 g2 DSCT 0.72 1.0 0.057734004755986855 "" nan "" 0 0 0.0 0.0 0.0 0.0 0.0 0.0 0 N N False
251 zr 1809211300042783 5.0595409 59.2884633 44 22.069231033325195 2.3923326657148136 0.17697110433327923 0.21954843401908875 0.02262517356682881 70.80846927220435 2800.0 0.3881391151819133 0.047506357332918574 20.622879028320312 0.21954843401908875 19.99651336669922 20.988069534301758 -0.1743120551109314 1.562835693359375 0.14810056717359635 0.1229430632481935 0.11496954949251724 1.0 0.3477433152317596 0.5351054495096668 0.37340215991255143 gu CEPH_F 0.23 1.0 1.0144457106284033 "" nan "" 1 0 0.129047 0.0 20.482956 166.762 0.391 0.7688 0 N N False
252 zr 1809211300066662 5.1030588 59.3094414 22 15.55778980255127 1.5516654582632494 0.7529986610188334 0.18616150319576263 0.02580382168535039 0.24885967702037234 2800.0 0.6255042410238847 0.11559011864056008 20.671701431274414 0.18616150319576263 20.259349822998047 21.07170867919922 -0.11348442733287811 1.2340688705444336 0.6631328162387483 0.512670319604295 0.7740434158807032 0.0 0.3065434874544559 0.23183300539121465 0.5782182619192677 g1 DSCT 0.71 1.0 0.046681923988973355 "" nan "" 1 0 0.057084 0.0 21.154789 30.6406 nan nan 0 N N False
252 zr 806203100063269 5.1030514 59.309521 248 20.707551956176758 2.112937065276496 0.3036235107627743 0.2177901417016983 0.0015866125609613284 0.25231350259716195 0.997343815080248 0.17125145282542387 0.0026206959949712488 20.696802139282227 0.2177901417016983 20.085693359375 21.178112030029297 -0.14763331413269043 1.4741443395614624 0.12073495916792608 0.1029391759118433 0.16311977805769745 1.0 0.3644253231483039 0.21217763037071302 0.6492971213342928 g1 RRL_ab 0.53 1.0 0.6892144890073089 "" nan "" 1 0 0.057084 0.0 21.154789 30.6406 nan nan 0 N N False
