t_zr_0418_original.ecsv
# %ECSV 1.0
# ---
# datatype:
# - {name: SourceID, datatype: int32}
# - {name: filter, datatype: string}
# - {name: OID, datatype: string}
# - {name: RA, datatype: float64}
# - {name: DEC, datatype: float64}
# - {name: numobs, datatype: int32}
# - {name: DELTA_SIG_MAG, datatype: float64}
# - {name: CONST_CHI2, datatype: float64}
# - {name: LNP_SIG, datatype: float64}
# - {name: period, datatype: float64}
# - {name: period_c, datatype: float64}
# - {name: power, datatype: float64}
# - {name: power_c, datatype: float64}
# - {name: upsilon_class, datatype: string}
# - {name: upsilon_prob, datatype: float64}
# - {name: upsilon_flag, datatype: float64}
# - {name: upsilon_period, datatype: float64}
# schema: astropy-2.0
SourceID filter OID RA DEC numobs DELTA_SIG_MAG CONST_CHI2 LNP_SIG period period_c power power_c upsilon_class upsilon_prob upsilon_flag upsilon_period
[from data line 5907]
"" zr 1809211300066503 5.2146823 59.3374 0 nan nan nan nan nan nan nan nan nan nan nan
3104 zr 1809211300008720 5.2233636 59.2826498 81 127.84463500976562 2.2258814067453327 0.039430504780945244 0.16466750915701553 0.9972164461363069 0.21670744922868704 0.02599330647200221 NonVar 0.4 1.0 0.1646719786941996
3105 zr 1809211300005356 5.191219 59.3561136 81 700.5769653320312 4.197234648976142 0.8243718757753583 0.1265705916598569 0.9972164461363069 0.13653379402810267 0.0705853415103832 NonVar 0.59 1.0 0.06301529795580335
3106 zr 1809211300005612 4.9388845 59.3463576 73 81.4383316040039 4.999892552242365 0.07381789211925675 0.11715796425679044 0.9971521581194235 0.22493974853295431 0.008915540265936476 DSCT 0.53 1.0 0.030591509774124115
3105 zr 806203100021511 5.1911993 59.3561333 935 650.4498901367188 1.84129190885164 0.0011421446278920022 0.4994384343050958 0.9973493234494499 0.060133804980127235 0.2581295158258266 NonVar 0.58 1.0 0.49944028570503796
"" zr 1809211300062025 5.2289518 59.3009994 0 nan nan nan nan nan nan nan nan nan nan nan
3107 zr 1809211300041320 5.0152204 59.3786219 9 nan nan nan nan nan nan nan nan nan nan nan
3108 zr 1809211300043881 5.0540945 59.224256 1 nan nan nan nan nan nan nan nan nan nan nan
3106 zr 806203100021783 4.9388413 59.3463902 796 52.988525390625 1.6170562904947356 0.006596899835262677 0.9255533015664247 0.9973493234494499 0.06023124772982625 0.0028177998706646647 NonVar 0.52 1.0 0.030472730857653053
"" zr 806203100051393 4.9988046 59.3748191 0 nan nan nan nan nan nan nan nan nan nan nan
"" zr 1809211300067043 5.1619165 59.2381547 2 nan nan nan nan nan nan nan nan nan nan nan
3103 zr 806203100020857 5.1547362 59.3721071 192 15.964221954345703 1.4872863603138178 2.4839011303567305e-05 0.5086138407153055 0.9973206688126688 0.26950636826151253 0.11218021846573532 RRL_ab 0.93 1.0 0.5086313269215108
3108 zr 806203400001073 5.0541262 59.2242262 59 10.852497100830078 1.4642432767466291 0.00038821582829268067 0.1102620085886419 0.997340702580726 0.6544365603703357 0.0798299348904638 DSCT 0.84 1.0 0.11026246694207487
3109 zr 1809211300070529 4.9739064 59.2413242 1 nan nan nan nan nan nan nan nan nan nan nan
3110 zr 806203100022582 5.2219959 59.3279552 929 271.648193359375 1.7793683054561693 5.724345116803628e-06 0.8910441269882763 0.9973493234494499 0.08302555153860075 0.002332265622224451 EB_ED 0.59 1.0 0.8910088534303553
"" zr 1809211300070398 5.2165092 59.2724118 1 nan nan nan nan nan nan nan nan nan nan nan
3110 zr 1809211300006663 5.2220124 59.3279421 81 176.77133178710938 2.1482449992574986 0.2041379353724122 6.611585603414968 0.9972164461363069 0.18113245985898413 0.06642081925395074 NonVar 0.62 1.0 0.03521065788054235
3096 zr 1809211300054885 4.9356377 59.2641677 0 nan nan nan nan nan nan nan nan nan nan nan
3103 zr 1809211300041480 5.1547898 59.3721389 15 15.682962417602539 2.070132055673539 0.01752912496593724 0.4465804983583087 0.9998200547637459 0.7989382535301449 0.6886080353570101 DSCT 0.5 1.0 0.037582882789317255
3100 zr 806203100043804 5.228963 59.2990335 90 25.618078231811523 3.9800806456960887 0.014867299911063279 0.33684621221203037 0.9972277827207502 0.35300120249198363 0.21351928550265495 NonVar 0.47 1.0 0.03951163200157141
3111 zr 1809211300007171 4.9156111 59.3117299 81 99.66067504882812 1.7104970452493244 0.5547932328236366 0.1041692944306067 0.9972164461363069 0.15366428386562153 0.007597712228705165 NonVar 0.61 1.0 0.03513262872180431
3111 zr 806203100023100 4.9156082 59.3117368 845 144.11907958984375 1.5492807768076575 0.01868041855513784 0.9976588807216713 0.9973493234494499 0.05817017801252899 0.8432184445129626 EB_ED 0.78 1.0 0.03609764095401209
3112 zr 806203400044358 5.1950858 59.2539589 598 141.99526977539062 2.272037467826912 0.03528929195053113 0.1236020107386044 0.9973493234494499 0.06939807645047696 0.002137671107257919 NonVar 0.58 1.0 0.03569972998750528
3114 zr 1809211300069803 5.144843 59.3750701 0 nan nan nan nan nan nan nan nan nan nan nan
3115 zr 1809211300042048 5.2176244 59.3343606 0 nan nan nan nan nan nan nan nan nan nan nan
3112 zr 1809211300043446 5.1951146 59.2539426 79 82.12100219726562 1.5273732608473438 0.7654920055869996 0.10829119810756832 0.9972164461363069 0.14455094272544608 0.09802049817707016 NonVar 0.65 1.0 0.0403216244799707
3107 zr 806203100051364 5.0152234 59.3787551 154 24.175006866455078 2.701907305113064 0.005898073184318343 0.38651294409409254 0.9972837572486691 0.24738719223623393 0.01498535843456769 NonVar 0.51 1.0 0.034127064168432114
3116 zr 1809211300061942 5.2290808 59.3087741 2 nan nan nan nan nan nan nan nan nan nan nan
3100 zr 1809211300042650 5.2290852 59.2990901 11 6.923625946044922 0.5144575997312341 nan 0.1032567187439819 0.14363411346473484 2.0815615146215234 0.9893813458836352 EB_ESD 0.46 1.0 0.1012005567306175
3096 zr 806203400063533 4.9355508 59.2640832 3 nan nan nan nan nan nan nan nan nan nan nan
3117 zr 806203100023175 5.2283304 59.3132988 871 80.7210693359375 1.327589258462529 0.02272240793088135 0.1975261259332398 0.9973493234494499 0.05265689391181707 0.001162304419736458 NonVar 0.52 1.0 0.07664382876644295
3113 zr 1809211300070059 5.219603 59.3318602 0 nan nan nan nan nan nan nan nan nan nan nan
3118 zr 1809211300005437 5.1946953 59.354264 1 nan nan nan nan nan nan nan nan nan nan nan
3115 zr 806203100063169 5.217836 59.334198 7 nan nan nan nan nan nan nan nan nan nan nan
3117 zr 1809211300007346 5.2283613 59.3132776 78 56.75884246826172 1.6160248823714167 0.22780652589686906 0.11291909791462075 0.9972164461363069 0.18555972283125166 0.013795433695626202 NonVar 0.57 1.0 0.1129231147036371
3119 zr 806203100020400 5.0401933 59.3825629 43 11.678801536560059 1.4660216114578546 0.004047296750018522 0.11469172725842948 0.997313019947918 0.6221151845821945 0.07502932516169365 DSCT 0.78 1.0 0.05263060080715921
"" zr 1809211300061401 4.9997759 59.3752897 0 nan nan nan nan nan nan nan nan nan nan nan
"" zr 806203400061610 4.9821406 59.2379546 5 nan nan nan nan nan nan nan nan nan nan nan
3118 zr 806203100042800 5.194749 59.3543449 20 nan nan nan nan nan nan nan nan nan nan nan
3119 zr 1809211300003960 5.0401905 59.3826211 3 nan nan nan nan nan nan nan nan nan nan nan
3121 zr 806203400058984 5.1753963 59.2432347 761 275.4841613769531 20.343952560107706 1.06334861696235e-06 0.1301850116593963 0.9973493234494499 0.1035260084666904 0.004460258356944275 CEPH_Other 0.4 1.0 0.9987512497410688
3121 zr 1809211300067010 5.1754304 59.243243 78 98.4269790649414 2.707843500216699 6.763661672376124e-05 0.33282410285883357 0.9972164461363069 0.3527622038598331 0.6790742346818724 NonVar 0.57 1.0 0.1881201146630869
3122 zr 1809211300042051 4.9225277 59.3292613 81 238.17442321777344 1.3723357675894325 0.0972660082436868 0.16220057101767707 0.9972164461363069 0.1977929990193616 0.028528076653556514 NonVar 0.51 1.0 0.0660960041542581
"" zr 1809211300070083 4.9186722 59.3222905 0 nan nan nan nan nan nan nan nan nan nan nan
"" zr 1809211300062504 5.1635664 59.2384403 9 nan nan nan nan nan nan nan nan nan nan nan
3122 zr 806203100022409 4.9225167 59.329281 889 637.1466674804688 3.4401431046473787 0.013633806895532213 548.7809064506978 0.9973493234494499 0.05509030523272163 0.14463973971835892 NonVar 0.33 1.0 551.025332357144
3120 zr 1809211300008469 5.2267893 59.2886737 25 15.28498363494873 1.6510601795038182 0.009622408254761131 0.1073688266128133 0.49937220235903473 0.6028953554879467 0.12266559803189958 DSCT 0.8 1.0 0.1108709969119128
"" zr 1809211300007558 4.9144582 59.3030868 1 nan nan nan nan nan nan nan nan nan nan nan
"" zr 806203100063052 4.9714382 59.3658675 1 nan nan nan nan nan nan nan nan nan nan nan
"" zr 1809211300055000 4.9480347 59.2542599 0 nan nan nan nan nan nan nan nan nan nan nan
3124 zr 806203400001012 5.1178029 59.2268652 914 1840.074951171875 5.573771822676578 0.16020839974360715 436.89426523864006 0.9973493234494499 0.0409673477958007 0.2752647960781489 EB_ED 0.69 1.0 0.891214724237525
3125 zr 806203400000001 5.2128478 59.2676907 443 45.34022903442383 1.1165534379425497 0.0518242752754415 32.846992793586686 0.9973493234494499 0.104544864197159 0.009119617598456637 DSCT 0.59 1.0 0.08915443154816957
"" zr 806203100065350 5.0784846 59.3843319 0 nan nan nan nan nan nan nan nan nan nan nan
3124 zr 1809211300011245 5.1178217 59.2268476 81 885.1212158203125 4.3421779186593215 0.9803768570237539 0.10819090257085638 0.9972164461363069 0.11758815247462363 0.03690087206837364 NonVar 0.76 1.0 0.058662714933262514
3125 zr 1809211300009387 5.212896 59.267671 76 47.79643630981445 1.3790435727583883 0.4251219713941293 0.3706153465671738 0.9972164461363069 0.17359589775903214 0.10759007070273481 NonVar 0.5 1.0 0.03794780416892236
3127 zr 806203400000967 5.1291339 59.2287954 902 592.6735229492188 3.822703373051889 0.4223707975329142 0.6644087065877524 0.9973493234494499 0.0369099343573632 0.003309389812314291 NonVar 0.49 1.0 0.03492997415916549
3126 zr 1809211300006040 4.9278334 59.3366497 51 20.909637451171875 1.922316968394457 0.00018702730000683771 0.33101178572442097 0.9971521581194235 0.46503544093206894 0.024955784813327945 DSCT 0.65 1.0 0.0775745817130837
3123 zr 806203100057102 5.2292315 59.2965544 395 32.397640228271484 1.8342717399124187 1.1587084109254375e-06 0.498607522167453 0.9974004745923228 0.16857341619516056 0.42405779170232577 RRL_ab 0.78 1.0 0.49855383367227013
3128 zr 1809211300061422 4.9892536 59.3724991 0 nan nan nan nan nan nan nan nan nan nan nan
3127 zr 1809211300011166 5.1291476 59.2287802 81 235.4147186279297 2.1463061265951913 0.35581500088678036 0.42677027562157693 0.9972164461363069 0.1670392908583892 0.07140984384254884 NonVar 0.59 1.0 0.08719323588685866
"" zr 1809211300076595 5.114088 59.2262257 1 nan nan nan nan nan nan nan nan nan nan nan
3126 zr 806203100022128 4.9278054 59.3366615 433 95.3704833984375 62.54496434263874 1.4807420521757797e-48 0.9974469822332261 0.9972915359214594 0.6129171330648854 0.9631877825534483 NonVar 0.71 1.0 0.06905828704473109
3123 zr 1809211300054569 5.2292772 59.2965272 48 18.723482131958008 1.854183596753046 0.009362941777410158 0.8791736569671704 0.9971521581194235 0.3910526074013172 0.08082126944772754 DSCT 0.76 1.0 0.04370172557726414
"" zr 1809211300053535 5.1003478 59.3831844 0 nan nan nan nan nan nan nan nan nan nan nan
3129 zr 806203400031227 5.0006833 59.2320125 3 nan nan nan nan nan nan nan nan nan nan nan
3130 zr 806203100065438 4.9152043 59.2947942 197 30.00020408630371 3.1891841269553995 0.00040777106080798833 0.20114318229805353 0.997434541276219 0.2089150966998072 0.029081178773574284 NonVar 0.58 1.0 0.0696475666485695
3131 zr 806203400031281 5.0077121 59.2302984 58 28.549556732177734 9.132587894740903 0.0007370949104795449 0.6714699461467664 0.9972819641999462 0.6089385110722361 0.2504575992992431 NonVar 0.49 1.0 0.08057682595924959
3133 zr 1809211300003898 5.0771504 59.3845085 81 126.97977447509766 1.686968287200252 0.1339129512397188 7.356678499284103 0.9972164461363069 0.19263124630828093 0.015553794076033365 EB_ESD 0.3 1.0 7.357471224861835
3130 zr 1809211300066731 4.9150817 59.2948017 36 23.746789932250977 2.5198218232668426 0.0048024074458088255 0.18336201679756634 0.9974470076152174 0.4965278331889735 0.20416901981500643 DSCT 0.53 1.0 0.040003699652018686
3133 zr 806203100020351 5.0771165 59.3845195 922 344.0530700683594 2.9443774011306876 0.20773461386238135 0.10431900483475227 0.9973493234494499 0.03973863931009804 0.004699949011631584 NonVar 0.54 1.0 0.06693467057404658
3131 zr 1809211300062557 5.0078413 59.2301993 2 nan nan nan nan nan nan nan nan nan nan nan
3135 zr 1809211300042731 5.2290507 59.294584 0 nan nan nan nan nan nan nan nan nan nan nan
"" zr 1809211300070380 4.9290673 59.2695879 0 nan nan nan nan nan nan nan nan nan nan nan
"" zr 1809211300070118 5.2267467 59.3206617 0 nan nan nan nan nan nan nan nan nan nan nan
3137 zr 1809211300066924 4.9418865 59.2581637 0 nan nan nan nan nan nan nan nan nan nan nan
"" zr 1809211300070581 5.0046312 59.230911 1 nan nan nan nan nan nan nan nan nan nan nan
3134 zr 806203400030560 4.9404828 59.2592054 142 32.994686126708984 3.3303213451609617 0.003316573961409456 0.16745629169147516 0.9972915359214594 0.25897446986023126 0.1642474745507068 DSCT 0.53 1.0 0.05856934073768997
3136 zr 806203100021902 5.2071926 59.3458968 22 6.978952407836914 0.7757789776878131 0.04760417738341799 0.11685669104011993 0.33272381201014667 0.7244086274458255 0.10712025394303618 DSCT 0.68 1.0 0.05022390740054065
3132 zr 806203400055876 4.958997 59.2475095 63 14.073533058166504 1.9927866989409277 0.005120559066044954 0.5078932184371688 0.49928925769167093 0.48934215482322874 0.4232436319933439 DSCT 0.49 1.0 0.04617485746584506
3134 zr 1809211300009565 4.9405355 59.2591477 32 14.73036003112793 1.3756384286149916 0.016613070770335855 0.10063573909958203 0.9973820334436908 0.5054776970679731 0.4757968574096119 DSCT 0.64 1.0 0.04920521792416866
3138 zr 1809211300042572 4.9144217 59.2975795 49 19.063005447387695 1.370301847599561 0.47340477636677575 0.4820076274668027 0.9974603843751442 0.2504366895526827 0.1673235147206455 DSCT 0.87 1.0 0.05192619969967594
3138 zr 806203100043769 4.91441 59.2975575 387 23.814218521118164 1.71576872603098 0.00017345542859175617 0.10346870009662981 0.9973509924032099 0.12683170237853655 0.007925908531342226 NonVar 0.55 1.0 0.03502355149327019
"" zr 806203100023359 5.2300091 59.3086107 2 nan nan nan nan nan nan nan nan nan nan nan
3132 zr 1809211300055077 4.9590956 59.247378 1 nan nan nan nan nan nan nan nan nan nan nan
3141 zr 806203400055887 5.1869942 59.2483816 20 nan nan nan nan nan nan nan nan nan nan nan
3136 zr 1809211300005847 5.2074185 59.3458582 0 nan nan nan nan nan nan nan nan nan nan nan
"" zr 806203100064487 5.005319 59.3771771 2 nan nan nan nan nan nan nan nan nan nan nan
3141 zr 1809211300010255 5.1869416 59.2483328 0 nan nan nan nan nan nan nan nan nan nan nan
3142 zr 1809211300004215 5.1288542 59.3793439 0 nan nan nan nan nan nan nan nan nan nan nan
3139 zr 1809211300066955 5.2004493 59.2566525 1 nan nan nan nan nan nan nan nan nan nan nan
3140 zr 1809211300004271 5.1341726 59.3782867 45 24.909778594970703 1.6901687158077292 0.006993293059294026 0.3333736634938844 0.9972154337583479 0.41006385578187726 0.717290300728745 DSCT 0.63 1.0 0.04927298396048416
3143 zr 1809211300055319 5.051341 59.2237321 0 nan nan nan nan nan nan nan nan nan nan nan
3140 zr 806203100020602 5.1342192 59.3782999 521 27.67278480529785 1.5202819388264002 0.025447063064890602 16.587414529840018 0.9972794600314014 0.07260418248044347 0.0008094694949515826 NonVar 0.62 1.0 0.03039949754577485
"" zr 1809211300070608 5.1338381 59.229425 0 nan nan nan nan nan nan nan nan nan nan nan
3144 zr 1809211300004071 5.1157345 59.3816579 23 11.896100044250488 1.327863267233191 0.07166149883969991 0.12734235643553965 0.9975920572635854 0.5652854247811887 0.10690283909037178 DSCT 0.2 1.0 0.2405388591181241
3147 zr 1809211300004632 5.1609653 59.3708985 81 696.7852783203125 3.5626052301275757 0.7415184226704788 0.11305138432257447 0.9972164461363069 0.14224130627568368 0.007767479667390756 NonVar 0.7 1.0 0.05081281638049421
3150 zr 1809211300011358 5.0962662 59.2239389 0 nan nan nan nan nan nan nan nan nan nan nan
3148 zr 806203400000910 5.1388399 59.2305315 913 628.0511474609375 2.5450135407082315 0.23889188070824094 0.37858412391165464 0.9973493234494499 0.03973764110745612 0.002225381412225158 EB_ED 0.84 1.0 0.37860005167844596
3149 zr 1809211300008616 5.2260928 59.284897 81 119.62168884277344 2.157955788132386 0.35110537526827756 0.1734570178218701 0.9972164461363069 0.16743315010847673 0.13619021733966244 NonVar 0.54 1.0 0.04323147291585483
3147 zr 806203100042538 5.1609517 59.3709113 936 1144.2852783203125 2.5610718530390812 0.6291891373822269 0.1297566998712026 0.9973493234494499 0.03255776205477603 0.0009260156850831668 EB_ED 0.71 1.0 0.04208549090026304
