t_zr_0307.ecsv
# %ECSV 1.0
# ---
# datatype:
# - {name: SourceID, datatype: int32}
# - {name: filter, datatype: string}
# - {name: OID, datatype: string}
# - {name: RA, datatype: float64}
# - {name: DEC, datatype: float64}
# - {name: numobs, datatype: int32}
# - {name: DELTA_SIG_MAG, datatype: float64}
# - {name: CONST_CHI2, datatype: float64}
# - {name: sf, datatype: float64}
# - {name: rmse, datatype: float64}
# - {name: LNP_SIG, datatype: float64}
# - {name: period, datatype: float64}
# - {name: period_c, datatype: float64}
# - {name: power, datatype: float64}
# - {name: power_c, datatype: float64}
# - {name: mean, datatype: float64}
# - {name: std, datatype: float64}
# - {name: min, datatype: float64}
# - {name: max, datatype: float64}
# - {name: sigma_mean, datatype: float64}
# - {name: sigma_std, datatype: float64}
# - {name: gaussian1_err, datatype: float64}
# - {name: gaussian2_err, datatype: float64}
# - {name: gumbel_err, datatype: float64}
# - {name: g2_flag, datatype: float64}
# - {name: Pg1g2, datatype: float64}
# - {name: Pgug2, datatype: float64}
# - {name: Pg1gu, datatype: float64}
# - {name: shape, datatype: string}
# - {name: upsilon_class, datatype: string}
# - {name: upsilon_prob, datatype: float64}
# - {name: upsilon_flag, datatype: float64}
# - {name: upsilon_period, datatype: float64}
# - {name: identifier, datatype: string}
# - {name: dist, datatype: float64}
# - {name: type, datatype: string}
# - {name: Gaia_count, datatype: int32}
# - {name: multiflag, datatype: int32}
# - {name: GaiaDist, datatype: float64}
# - {name: fluxratio, datatype: float64}
# - {name: Gmag, datatype: float64}
# - {name: RFG, datatype: float64}
# - {name: Plx, datatype: float64}
# - {name: e_Plx, datatype: float64}
# - {name: Plxflag, datatype: int32}
# - {name: var, datatype: string}
# - {name: lc_var, datatype: string}
# - {name: var_flag, datatype: bool}
# schema: astropy-2.0
SourceID filter OID RA DEC numobs DELTA_SIG_MAG CONST_CHI2 sf rmse LNP_SIG period period_c power power_c mean std min max sigma_mean sigma_std gaussian1_err gaussian2_err gumbel_err g2_flag Pg1g2 Pgug2 Pg1gu shape upsilon_class upsilon_prob upsilon_flag upsilon_period identifier dist type Gaia_count multiflag GaiaDist fluxratio Gmag RFG Plx e_Plx Plxflag var lc_var var_flag
[from data line 29]
20 zr 1809211300076991 5.0691277 59.3082536 46 85.31249237060547 14.833033808752194 9.821455378235338e-46 0.238337442278862 0.0009484488600492309 0.20114555789648214 2800.0 0.4643514490120347 0.3388473438128968 19.600730895996094 0.238337442278862 18.895540237426758 19.957366943359375 -0.5977720022201538 3.9943113327026367 0.12025828486817411 0.05269243174762823 0.17655820489025872 1.0 0.1072179347508545 0.051324851833480456 0.687506386269991 g1 DSCT 0.59 1.0 0.04605270553638134 "" nan "" 1 0 0.177903 0.0 20.466309 132.148 1.6057 0.7252 1 V V False
20 zr 806203100066817 5.0690773 59.308307 353 103.71881103515625 13.06176877588796 5.1662340832829e-156 0.23791329562664032 1.79979578137976e-05 0.12073697967257582 0.9973470410621691 0.17624260089374608 0.0005700225019309988 19.610328674316406 0.23791329562664032 18.595252990722656 20.00849723815918 -0.5374273061752319 3.764411211013794 0.15264288109854532 0.02084012735260599 0.23148564087341364 1.0 0.011111025658078089 0.004876309036507376 0.7018657455808385 g1 DSCT 0.56 1.0 0.1207363352608629 "" nan "" 1 0 0.177903 0.0 20.466309 132.148 1.6057 0.7252 1 V V False
23 zr 806203100060438 5.0762513 59.299525 775 63.60071563720703 1.7832451516003618 0.9443192055224557 0.10004840791225433 0.013508367506566662 347.96450459899285 0.9973357126290449 0.058678552434422035 0.39886464167080343 19.54425621032715 0.10004840791225433 19.044063568115234 19.85916519165039 -0.09165152907371521 1.3438606262207031 0.01355997340966633 0.0020006448016123748 0.1098735769693097 1.0 0.012946792215891456 0.00020228644514130867 0.9934476381177673 g1 NonVar 0.45 1.0 0.08361113866656798 "[LL2015] 30" 0.026748 Cl* 1 0 0.225792 0.0 20.926571 44.7489 nan nan 0 N N False
23 zr 1809211300070245 5.0762709 59.299514 74 42.501220703125 1.8229804511414633 0.6899651597735168 0.10249346494674683 0.3735574951767652 0.2263426403563961 2800.0 0.186984490053826 0.032344350812930196 19.55903434753418 0.10249346494674683 19.332395553588867 19.918973922729492 -0.10147621482610703 1.3523340225219727 0.16478634689110905 0.14301035789086286 0.4630570543848262 0.0 0.3758781764287227 0.05483925694646852 0.9018817839012647 g1 DSCT 0.56 1.0 0.05309464285714279 "[LL2015] 30" 0.026748 Cl* 1 0 0.225792 0.0 20.926571 44.7489 nan nan 0 N N False
24 zr 1809211300076075 5.0643994 59.3007975 20 26.671289443969727 4.07979224143152 0.004746390040972207 0.23646260797977448 0.0039599633498885786 0.9942167214734308 2800.0 0.7396684810763681 0.8053639915860841 20.532899856567383 0.23646260797977448 19.829727172851562 20.905593872070312 -0.25464940071105957 2.035815715789795 0.20509754658408638 0.23445624786811511 0.21008570128615908 0.0 0.5957034329263058 0.573351612007515 0.5122362391970938 g1 RRL_c 0.3 1.0 0.3090014143476149 "" nan "" 0 0 0.0 0.0 0.0 0.0 0.0 0.0 0 N N False
25 zr 1809211300076069 5.0695404 59.308852 67 86.57488250732422 8.766948483866713 9.891503717332867e-30 0.18083438277244568 6.419069598524588e-05 382.40917435630683 2800.0 0.4049324330532307 0.9525076567251263 19.47893714904785 0.18083438277244568 18.895540237426758 19.88911247253418 -0.35901835560798645 3.0178394317626953 0.06662596005886386 0.08707685603437394 0.12186184361299764 0.0 0.7299112288103339 0.2661165413063262 0.7779511882378652 g1 DSCT 0.48 1.0 0.041057210231135226 "" nan "" 1 0 0.418859 0.0 20.63306 105.601 0.088 0.9781 0 V V False
25 zr 806203100066749 5.0696305 59.3089227 624 162.4963836669922 16.093131543321146 0.0 0.210506409406662 7.105954714418323e-06 1.0027688893986446 0.9973303714334496 0.11249292494696628 0.005477128402830466 19.45784568786621 0.210506409406662 17.984739303588867 19.978656768798828 -0.47452685236930847 4.137101650238037 0.010038801861206986 0.01618997435875815 0.03524402849599354 0.0 0.9476682117988429 0.11726649393188038 0.940214784678697 g1 NonVar 0.57 1.0 0.08922498356213009 "" nan "" 1 0 0.418859 0.0 20.63306 105.601 0.088 0.9781 0 V V False
26 zr 1809211300074723 5.0675659 59.3085767 12 16.283884048461914 3.178348559622742 0.09443322056527081 0.23713882267475128 0.00020154927485384016 0.28589588748536904 2800.0 0.9614974356932032 0.10940622401794149 20.61071014404297 0.23713882267475128 20.15494155883789 20.88682746887207 -0.2190227508544922 1.7554858922958374 2.3872097900673097 2.994471121793778 2.373971917641834 0.0 0.6872328363147435 0.6929460545430732 0.49716795113241086 gu RRL_c 0.26 1.0 0.2223508559199571 "" nan "" 0 0 0.0 0.0 0.0 0.0 0.0 0.0 0 N N False
28 zr 806203100052137 5.0819464 59.3019949 363 21.625120162963867 1.5267240399520312 0.9956156411295941 0.1794331669807434 0.010772064922677446 9.499891710318797 0.9973357126290449 0.10845194691105917 0.0026439448540464885 20.506973266601562 0.1794331669807434 20.03436279296875 21.120155334472656 -0.11694032698869705 1.2499923706054688 0.059058174409200075 0.02853148405710883 0.05102849355436138 0.0 0.12897599048795572 0.16960878834495963 0.42603290397437066 gu NonVar 0.62 1.0 0.047885375002906995 "" nan "" 1 0 0.115062 0.0 20.776953 87.8545 0.7554 1.5842 0 N N False
30 zr 806203100052152 5.0778413 59.2992727 117 25.68737030029297 2.4744928098599606 0.08673656527287327 0.23177777230739594 0.010073900628180164 0.15930960999944693 0.99735338689512 0.2802764691952441 0.046048373376477415 20.883092880249023 0.23177777230739594 19.939098358154297 21.42551040649414 -0.15072330832481384 1.5906239748001099 0.10661781149224951 0.027348688876329755 0.19124577033721707 1.0 0.03825875534685497 0.01217385431175455 0.7706315829583992 g1 DSCT 0.59 1.0 0.04928022231041135 "" nan "" 0 0 0.0 0.0 0.0 0.0 0.0 0.0 0 N N False
28 zr 1809211300054453 5.0820717 59.3018951 37 13.292691230773926 0.9917390949966354 0.995096645342276 0.14731882512569427 0.40694874964559336 0.10675453769448258 2800.0 0.32388617484850346 0.0716844213053507 20.511560440063477 0.14731882512569427 20.22850799560547 20.82375144958496 -0.08177615702152252 0.9923468828201294 0.653361655299529 0.5265524080855828 0.5055964434990151 1.0 0.33003997383834616 0.5123869192311175 0.3718777012797292 gu DSCT 0.33 1.0 0.09275427859054462 "" nan "" 1 0 0.115062 0.0 20.776953 87.8545 0.7554 1.5842 0 N N False
27 zr 806203100066243 5.0768466 59.3088088 61 13.58947467803955 1.691488371995165 0.7108106284218932 0.24954843521118164 0.028629003381588185 1.9496959512014949 0.997209235890766 0.47908602258928795 0.07841791054045992 21.246044158935547 0.24954843521118164 20.635601043701172 21.780349731445312 -0.11489372700452805 1.2964764833450317 0.3366435562744329 0.3188246737740962 0.35592640170051354 1.0 0.4369277091900662 0.39710116363499226 0.5283417738838638 g1 DSCT 0.72 1.0 0.15837406334641355 "" nan "" 0 0 0.0 0.0 0.0 0.0 0.0 0.0 0 N N False
30 zr 1809211300076079 5.0779217 59.2992307 12 9.173378944396973 0.7607864118212583 0.9642113736539165 0.1530023068189621 0.07392980795940103 0.11524970624518635 2800.0 0.8283259351336071 0.3198704229215956 20.81302833557129 0.1530023068189621 20.615951538085938 21.213577270507812 -0.056164707988500595 0.84028160572052 2.7348468336636778 4.603255662843953 2.8105213988705597 1.0 0.9817769697575316 0.9610088368887753 0.5138979982608549 g1 EB_ED 0.38 1.0 3.7624008107491917 "" nan "" 0 0 0.0 0.0 0.0 0.0 0.0 0.0 0 N N False
32 zr 1809211300042458 5.0814921 59.3069549 57 22.15509033203125 2.0933140235481655 0.37981979755963796 0.18763305246829987 0.15535328228098014 0.10571274677370342 2800.0 0.2620721916978722 0.09121722452242921 20.333742141723633 0.18763305246829987 19.925601959228516 20.768531799316406 -0.17684859037399292 1.4670140743255615 0.3742248493706589 0.5982847993423317 0.39495265261105045 0.0 0.9397607729338705 0.8867716853164178 0.5274324121910154 g1 DSCT 0.52 1.0 0.06667186510374315 "" nan "" 1 0 0.172293 0.0 20.13637 202.921 0.6272 0.5166 1 N N False
32 zr 806203100056985 5.0814856 59.3069781 569 24.284320831298828 1.7312097018062598 0.9607017489091207 0.18289107084274292 0.013176324146180711 29.622160115481506 0.997343815080248 0.07347024822807485 0.0252113718154124 20.35551643371582 0.18289107084274292 19.935501098632812 21.110010147094727 -0.14186201989650726 1.3361990451812744 0.012159045100631722 0.01760082930514193 0.029003089190294658 1.0 0.8390030991116308 0.19743017154324682 0.862948856391522 g1 NonVar 0.45 1.0 0.0786073378331916 "" nan "" 1 0 0.172293 0.0 20.13637 202.921 0.6272 0.5166 1 N N False
33 zr 1809211300042496 5.083411 59.3043039 76 47.36650085449219 1.7055018070232575 0.8146186927039495 0.07820025086402893 0.7813916858427076 0.22022027774396488 2800.0 0.15376624472902453 0.008037918987931332 19.2487735748291 0.07820025086402893 19.08692741394043 19.455766677856445 -0.07375332713127136 1.3036010265350342 0.8664594926664141 0.9145523373988839 1.2188385960202852 1.0 0.5238131267960839 0.29059360565996273 0.6680808619382377 g1 DSCT 0.56 1.0 0.03544978622502063 "" nan "" 1 0 0.04699 0.0 19.254812 369.66 0.4323 0.2444 1 N N False
33 zr 806203100043683 5.0834232 59.3043358 797 58.208152770996094 1.6909176976194014 0.9903680417383655 0.08701540529727936 0.24530411451877956 0.11396008084056183 0.997336033066433 0.04328164538239201 0.001730969499544535 19.259504318237305 0.08701540529727936 19.022056579589844 19.577991485595703 -0.0810500904917717 1.3060137033462524 0.13896873532447113 0.042340997778444064 0.04927849115982809 1.0 0.0534203540842364 0.36938009195650945 0.09737959110845928 gu EB_ED 0.9 1.0 0.03066550820234067 "" nan "" 1 0 0.04699 0.0 19.254812 369.66 0.4323 0.2444 1 N N False
36 zr 806203100063302 5.081953 59.3008697 230 30.49788475036621 2.694493363669041 0.004323750826970718 0.22167688608169556 0.005190292383005273 0.49862525095538524 0.997336033066433 0.1685549876462646 0.4590871459668792 20.577747344970703 0.22167688608169556 19.708017349243164 21.00428009033203 -0.18118593096733093 1.671860933303833 0.014341688912383558 0.015794921491156903 0.03726253893964692 0.0 0.5612926824616822 0.10067567014100631 0.8844891222448251 g1 NonVar 0.51 1.0 0.03292205654818507 "" nan "" 1 0 0.444577 0.0 20.858891 89.9628 0.7563 1.539 0 N N False
34 zr 1809211300070171 5.0727284 59.3098249 31 81.30490112304688 7.451470886438102 2.3595134061374747e-11 0.1517023891210556 0.11556026631576935 0.1240045534413452 2800.0 0.43705000916041337 0.1948276490633615 19.289358139038086 0.1517023891210556 18.910890579223633 19.555213928222656 -0.28222447633743286 2.735348701477051 0.44073983462560923 0.5540522748460567 0.46764695860749705 1.0 0.6894512650780728 0.6300261912877945 0.5301494257802675 g1 DSCT 0.69 1.0 0.044120282725895896 "NVSS J002017+591841" 1.176509 Radio 0 0 0.0 0.0 0.0 0.0 0.0 0.0 0 V V False
36 zr 1809211300066717 5.0820893 59.3008401 17 12.32516860961914 1.172441778193174 0.896964436933114 0.16135036945343018 0.002898595281960479 0.11098582852447858 2800.0 0.8135660492118751 0.38600866134058814 20.51446533203125 0.16135036945343018 20.287609100341797 20.870670318603516 -0.09540200978517532 1.0628273487091064 1.5351931691096752 2.432432090562117 1.5107042532331578 0.0 0.9313863455380421 0.9462199052435979 0.49181099762127944 gu DSCT 0.26 1.0 0.05746818203748379 "" nan "" 1 0 0.444577 0.0 20.858891 89.9628 0.7563 1.539 0 N N False
34 zr 806203100060368 5.0725296 59.3098467 262 80.29171752929688 7.117226100332736 2.2607034617993476e-41 0.17434047162532806 0.008108579964863858 0.17204026613816514 0.997343815080248 0.15900530649983438 0.00012080295156057017 19.31197738647461 0.17434047162532806 18.88072967529297 19.74237823486328 -0.3230542242527008 2.718236207962036 0.019308752196863933 0.009141940373133643 0.07060550749620839 1.0 0.12415968294451318 0.010007429886732089 0.9456572622860415 g1 DSCT 0.88 1.0 0.17204168302675601 "NVSS J002017+591841" 1.176509 Radio 0 0 0.0 0.0 0.0 0.0 0.0 0.0 0 V V False
38 zr 1809211300061950 5.083508 59.3052949 60 38.423423767089844 2.060456008126854 0.4114476303151597 0.12166594713926315 0.16883113253642965 0.6888438903168187 2800.0 0.24874767442541657 0.022993975162288457 19.72972297668457 0.12166594713926315 19.42612075805664 20.071788787841797 -0.12656660377979279 1.440281629562378 0.2616311190973077 0.1469586028959372 0.27096412523793106 1.0 0.17106456094631994 0.16024462879671086 0.5178448638560841 g1 DSCT 0.59 1.0 0.0486629591818048 "" nan "" 1 0 0.170443 0.0 20.089743 88.2731 3.0934 1.3626 1 N N False
38 zr 806203100056993 5.0835289 59.3053166 660 35.26292419433594 1.47310755310389 0.9999648267015079 0.11255547404289246 0.08094885591496634 0.1166416103608848 0.997336033066433 0.05386917534157734 0.010040493266563092 19.748077392578125 0.11255547404289246 19.450153350830078 20.155447006225586 -0.09596960246562958 1.2232154607772827 0.09615399920283743 0.019931611339235846 0.06208161502512331 1.0 0.02524430337021155 0.05910513318183197 0.288968478179094 gu EB_ED 0.67 1.0 0.07725739925224422 "" nan "" 1 0 0.170443 0.0 20.089743 88.2731 3.0934 1.3626 1 N N False
2191 zr 806203100066984 5.0687449 59.3098077 41 36.34849166870117 10.711829339279245 1.1080247352131058e-15 0.35823461413383484 0.00012588539754154323 0.2937228597497719 0.4993215288641744 0.7568070862590376 0.2563393938854472 20.425323486328125 0.35823461413383484 19.52408790588379 20.967309951782227 -0.62917160987854 3.4540727138519287 0.09108114217251631 0.11397104989421128 0.10048168247590754 0.0 0.6847243363716891 0.5883707385966446 0.5498850281642143 g1 DSCT 0.45 1.0 0.03799661492864984 "" nan "" 0 0 0.0 0.0 0.0 0.0 0.0 0.0 0 V V False
41 zr 1809211300070191 5.0617454 59.3071699 23 16.617277145385742 2.381641666642452 0.2432756137419947 0.23709815740585327 0.22816173957553146 0.25449799643070686 2800.0 0.5002895786140306 0.2932433265055505 20.743118286132812 0.23709815740585327 20.23838996887207 21.123411178588867 -0.17146006226539612 1.5409188270568848 0.7729318950238868 0.744023008389532 0.753008904846346 0.0 0.4491665525867984 0.4694025976322118 0.4867029516301584 gu DSCT 0.77 1.0 0.04877543740688946 "" nan "" 1 0 0.632208 0.0 20.916662 25.2508 nan nan 0 N N False
40 zr 806203100066527 5.0637189 59.2991606 142 20.447397232055664 2.381400541538938 0.10954872306032964 0.23441024124622345 0.005037146069240508 0.11893118537167688 0.997343815080248 0.2473683093748562 0.001200679107564774 20.72519302368164 0.23441024124622345 20.087509155273438 21.150686264038086 -0.16548915207386017 1.5642921924591064 0.062137329440507025 0.09228795235267577 0.05929463105033299 1.0 0.8662277583165539 0.9141350850712072 0.47616585640712605 gu NonVar 0.59 1.0 0.05997536685082879 "" nan "" 0 0 0.0 0.0 0.0 0.0 0.0 0.0 0 N N False
41 zr 806203100064628 5.0615201 59.307322 304 24.83827781677246 1.9545122160504524 0.5749967799391787 0.2244350016117096 0.0032960185381803874 0.9997226298938547 0.997343815080248 0.1302456509901086 0.7523877984147851 20.809350967407227 0.2244350016117096 19.964031219482422 21.359111785888672 -0.13508975505828857 1.4161500930786133 0.01003686746631349 0.004877145835200762 0.03226140184733828 1.0 0.13039618380608453 0.013582657476428395 0.9268458047407021 g1 LPV_SRV_AGB_C 0.45 1.0 411.5237058000004 "" nan "" 1 0 0.632208 0.0 20.916662 25.2508 nan nan 0 N N False
42 zr 1809211300042546 5.0843259 59.3021509 20 13.363713264465332 1.4252808442420986 0.8098073688028596 0.19947001338005066 0.02207926970864887 1.3801400204365757 2800.0 0.6722908569298401 0.027581631863029983 20.858285903930664 0.19947001338005066 20.438257217407227 21.276145935058594 -0.10129077732563019 1.1772109270095825 1.4877763371267545 1.8493423986962638 0.8502448744766063 1.0 0.6779390941215013 1.0 0.23888970530781528 gu DSCT 0.57 1.0 0.04165335138041257 "" nan "" 1 0 0.298342 0.0 20.881927 74.9753 -0.4139 1.7637 0 N N False
