t_zr_0621.ecsv
# %ECSV 1.0
# ---
# datatype:
# - {name: SourceID, datatype: int32}
# - {name: filter, datatype: string}
# - {name: OID, datatype: string}
# - {name: RA, datatype: float64}
# - {name: DEC, datatype: float64}
# - {name: numobs, datatype: int32}
# - {name: DELTA_SIG_MAG, datatype: float64}
# - {name: CONST_CHI2, datatype: float64}
# - {name: sf, datatype: float64}
# - {name: LNP_SIG, datatype: float64}
# - {name: period, datatype: float64}
# - {name: period_c, datatype: float64}
# - {name: power, datatype: float64}
# - {name: power_c, datatype: float64}
# - {name: upsilon_class, datatype: string}
# - {name: upsilon_prob, datatype: float64}
# - {name: upsilon_flag, datatype: float64}
# - {name: upsilon_period, datatype: float64}
# schema: astropy-2.0
SourceID filter OID RA DEC numobs DELTA_SIG_MAG CONST_CHI2 sf LNP_SIG period period_c power power_c upsilon_class upsilon_prob upsilon_flag upsilon_period
[from data line 2295]
1249 zr 1809211300008190 5.1519593 59.2937678 77 461.0839538574219 3.2112621151210923 1.425626371802676e-21 0.27969618395764473 0.10527560808451557 2800.0 0.17338271242237802 0.005433442655149336 NonVar 0.61 1.0 0.0952236175688232
2536 zr 1809211300041845 5.0640396 59.3457105 1 nan nan nan nan nan nan nan nan nan nan nan nan
1240 zr 1809211300041843 5.0671166 59.3458384 17 13.921257019042969 2.318244735622811 0.0020354845724313117 0.009221105353854791 1.1273675254743982 2800.0 0.7746847942431228 0.11916138431147948 RRL_ab 0.23 1.0 0.8962883250000014
1253 zr 806203100042930 5.0599459 59.3454702 5 nan nan nan nan nan nan nan nan nan nan nan nan
2537 zr 1809211300074764 5.1505225 59.2911158 0 nan nan nan nan nan nan nan nan nan nan nan nan
1239 zr 1809211300054719 5.1428873 59.282419 9 nan nan nan nan nan nan nan nan nan nan nan nan
1255 zr 1809211300006004 5.0273734 59.3392242 55 26.332599639892578 2.1720293147485648 9.223566861609006e-07 0.004200068281753942 0.9369758620309818 2800.0 0.3612034987054455 0.009854493682337238 DSCT 0.42 1.0 0.03878213458850269
1240 zr 806203100051659 5.0670985 59.3458752 208 14.930853843688965 1.330105277633577 0.007413819344082351 0.017316738897234715 0.2710063511650576 0.9973494093009087 0.16261479455033387 0.01819612968206012 RRL_e 0.61 1.0 0.271020886296936
2538 zr 1809211300054285 4.9918213 59.313484 0 nan nan nan nan nan nan nan nan nan nan nan nan
1251 zr 806203100051941 4.9944505 59.3180578 127 20.140043258666992 2.151569537221737 2.1053250913075085e-07 0.0026714354689744207 0.4244293666965244 0.9973036289304288 0.32713515319542397 0.07757531242603338 DSCT 0.54 1.0 0.03827655048011803
2539 zr 1809211300076058 5.002691 59.3266206 2 nan nan nan nan nan nan nan nan nan nan nan nan
1257 zr 1809211300054880 5.1126082 59.2672497 2 nan nan nan nan nan nan nan nan nan nan nan nan
1248 zr 1809211300008598 5.0021948 59.2815779 65 23.955631256103516 1.5249710298193169 0.0034514353158700134 0.2737099344107746 0.10089704916875283 2800.0 0.20817671312322072 0.06667284872523409 RRL_ab 0.43 1.0 0.6666431816357173
1255 zr 806203100022074 5.0273591 59.3392641 539 27.825029373168945 1.3252077398546314 9.014089456773938e-05 0.014520887225727886 1.0002073871543908 0.9972593468323044 0.07471270346639076 0.7718592581146351 RRL_e 0.57 1.0 0.29095401120162995
2540 zr 1809211300070366 5.1340189 59.2761067 1 nan nan nan nan nan nan nan nan nan nan nan nan
1252 zr 1809211300069985 5.1054242 59.3424027 1 nan nan nan nan nan nan nan nan nan nan nan nan
1258 zr 1809211300006050 5.0241463 59.3381676 0 nan nan nan nan nan nan nan nan nan nan nan nan
1251 zr 1809211300074706 4.9943831 59.3180591 14 20.855716705322266 4.821819606199921 5.442334794729963e-09 0.0063707233391259496 0.10629912145636337 2800.0 0.8368230935515166 0.13448876174538116 DSCT 0.65 1.0 0.056054077839481686
1256 zr 1809211300042201 4.9976284 59.3221246 17 17.232402801513672 3.5508289960688666 9.149991090658415e-07 0.017752537190514114 0.1349581684213843 2800.0 0.7248786668350737 0.018071095663961544 DSCT 0.8 1.0 0.08138001210131854
1259 zr 1809211300054323 4.9903162 59.309786 75 84.21297454833984 8.616468913700709 6.7340679919759354e-99 1.034240914372134e-25 794.7576774759287 2800.0 0.810391749202214 0.32175955421416513 LPV_Mira_AGB_C 0.26 1.0 1331.7022916999922
2541 zr 806203400051357 5.0999367 59.2641868 0 nan nan nan nan nan nan nan nan nan nan nan nan
1259 zr 806203100052030 4.9902651 59.3098018 776 81.18638610839844 13.054462703903436 0.0 6.176737339510016e-91 600.0383601568051 0.9973636584210107 0.639021101618144 0.17151400160388158 LPV_OSARG_AGB 0.41 0.0 687.3286516500011
1261 zr 1809211300062015 4.9904141 59.2974704 18 12.23265266418457 1.499894120073294 0.08410099397279164 0.016306044538595164 0.5085423174803809 2800.0 0.7279902583964493 0.6988436238123399 DSCT 0.66 1.0 0.03389375831110891
1256 zr 806203100056857 4.997525 59.3221114 173 21.52727508544922 2.0924698663705765 8.498791328541102e-10 2.858816838682307e-06 0.9972490903182447 0.9973963637496585 0.3326712474579046 0.9605324149924391 NonVar 0.55 1.0 0.03097188916438008
1262 zr 1809211300066914 5.0946155 59.2633025 0 nan nan nan nan nan nan nan nan nan nan nan nan
1254 zr 1809211300053916 5.0812989 59.3458195 0 nan nan nan nan nan nan nan nan nan nan nan nan
1264 zr 1809211300061974 4.9894481 59.3021861 21 9.713360786437988 0.8605951198598742 0.639174156632267 0.034679099531342565 0.14293118701853041 2800.0 0.6346037288148874 0.11005735450016985 EB_EC 0.53 1.0 0.04785260373557877
1261 zr 806203100060440 4.9903283 59.2974763 226 28.93503189086914 2.774256712742947 4.5920017881759356e-24 0.014054743327725501 2.5503121939713713 0.997301715713601 0.1601116677904187 0.017554401010502315 DSCT 0.46 1.0 0.04900488777211772
1264 zr 806203100057010 4.9894238 59.3022288 244 32.86790466308594 5.699897238738189 5.581780661241764e-94 3.3350743579545414e-06 29.5387565693724 0.997301715713601 0.2504685526383129 0.12372077824151559 EB_ESD 0.24 1.0 29.61863134251956
2542 zr 806203100056910 4.992395 59.3152591 14 85.33419036865234 325.214535987956 0.0 nan 0.10020937287959172 0.10225742844865383 4.789802878556362 0.7103324486041619 DSCT 0.44 1.0 0.03261396623807766
1263 zr 1809211300066516 5.011188 59.332526 0 nan nan nan nan nan nan nan nan nan nan nan nan
1263 zr 806203100056799 5.0112419 59.3325564 35 13.453971862792969 2.0450633313736124 0.0012893287445284109 0.0016232423360449072 0.11093253999704748 0.9973506025481917 0.6463361894503328 0.14947361455487967 DSCT 0.88 1.0 0.1109318069282331
1260 zr 1809211300075535 5.154258 59.2987084 0 nan nan nan nan nan nan nan nan nan nan nan nan
1267 zr 1809211300054566 4.9919331 59.2930257 76 72.65776062011719 1.6630282284501292 0.00013097942952974384 0.05753659976974509 1.112648869140483 2800.0 0.21103534843429814 0.07346573514213092 NonVar 0.44 1.0 0.10848014758064452
1266 zr 806203100043580 5.153985 59.310671 485 23.381208419799805 1.5220576935960712 3.3407037777996914e-08 0.008143308133423321 1.0350792970035207 0.9972697415855435 0.08662592926939966 0.011751694798129105 NonVar 0.57 1.0 0.046752284089706775
1266 zr 1809211300007417 5.1539869 59.3106718 51 21.912111282348633 2.249733882448362 1.0361804019533856e-06 0.000365085857752414 0.29875890295008806 2800.0 0.45592688552713795 0.09975851883026708 DSCT 0.54 1.0 0.035744429936201444
1267 zr 806203100052219 4.9918907 59.2930422 830 109.9994888305664 1.8277000487304569 5.59274839547339e-24 0.02949454990655982 0.16748812905621435 0.9973636584210107 0.05145455910329409 0.009871931247269596 NonVar 0.71 1.0 0.18510579065038854
1269 zr 1809211300066903 5.1087117 59.265868 3 nan nan nan nan nan nan nan nan nan nan nan nan
1270 zr 1809211300043280 5.0691498 59.2615091 42 24.825748443603516 2.591517119841618 7.699629586405887e-08 0.0037021501144646383 1.0667579733131765 2800.0 0.4528942529759579 0.14854484350380084 EB_ESD 0.27 1.0 1.0697422391304223
1271 zr 1809211300053941 5.0416697 59.3433646 1 nan nan nan nan nan nan nan nan nan nan nan nan
1265 zr 1809211300042034 5.1309564 59.3338324 0 nan nan nan nan nan nan nan nan nan nan nan nan
1270 zr 806203400044253 5.0690785 59.2614991 170 27.192611694335938 1.953371256900173 1.4002640310033877e-08 0.0021061031106708056 0.1247806483639387 0.9973469769214015 0.2255875447259221 0.0027251168545820337 DSCT 0.61 1.0 0.09835574785018344
1269 zr 806203400055778 5.1089798 59.2658731 11 5.779304027557373 0.8879350854831034 0.5350115342123674 0.0009460005333704545 0.10154712095448108 0.9973067210228559 0.9750484735968622 0.35800793803281067 DSCT 0.5 1.0 0.14076724700376092
1272 zr 1809211300005815 5.0399818 59.3430368 0 nan nan nan nan nan nan nan nan nan nan nan nan
2543 zr 1809211300054634 5.1502142 59.2894039 0 nan nan nan nan nan nan nan nan nan nan nan nan
1275 zr 1809211300041847 5.0511757 59.3449775 16 9.230874061584473 1.3501507641536417 0.16246772769119971 0.002614935662423673 0.11117546132872722 2800.0 0.8386679502713128 0.01574144875211521 NonVar 0.26 1.0 0.04147519814753125
1274 zr 1809211300061724 5.0075439 59.3306766 76 76.73700714111328 2.033632034723562 7.07137222398478e-08 0.6247856216813655 0.10552085652233355 2800.0 0.15094153747242275 0.0350090509794733 EB_ED 0.83 1.0 0.06609272379274367
1276 zr 806203100022107 5.0222324 59.337879 429 21.40552520751953 1.4156808582160951 1.4662746400906374e-05 2.705027324507221e-06 0.5079736123818314 0.9973722795975608 0.1529888791188098 0.016057950932045897 RRL_ab 0.4 1.0 0.507965438958154
1278 zr 806203100060439 4.9896612 59.2982197 65 11.213634490966797 1.202501314681219 0.1937667617478765 0.0007477029754583781 0.24776808933375588 0.9973244136767428 0.565509115288218 0.024186583057408093 RRL_c 0.26 1.0 0.24776625523972656
1274 zr 806203100022397 5.0075178 59.3306719 839 150.61029052734375 2.527177677028289 7.972158425287674e-63 0.006349105812669439 1542.9135072574452 0.9973636584210107 0.05646854779995455 0.14211466732495293 NonVar 0.58 1.0 0.03903982496237049
1273 zr 1809211300054881 5.1117888 59.2665864 10 14.12901496887207 2.952084987359653 0.0016478301806710676 0.005497196443627047 0.10090968430863527 2800.0 0.9559819151107176 0.2230014226405547 DSCT 0.65 1.0 0.12515253602683715
1278 zr 1809211300074748 4.9897259 59.2979439 8 nan nan nan nan nan nan nan nan nan nan nan nan
1277 zr 806203100022847 5.1482878 59.3209327 790 58.09749221801758 1.5549449007192122 6.03582369058008e-13 0.019442714697869186 0.17835803947063658 0.9973636584210107 0.05381409635886361 0.0024747533130276334 NonVar 0.69 1.0 0.03772765197650703
1277 zr 1809211300006914 5.1483402 59.3209153 75 41.63028335571289 1.4793515611625874 0.0036362880666666285 0.0599257685914514 0.3072491027690725 2800.0 0.22089110878182902 0.009146404047612088 EB_ED 0.62 1.0 0.30726864137055654
2544 zr 1809211300043248 5.0532315 59.2625127 0 nan nan nan nan nan nan nan nan nan nan nan nan
1279 zr 1809211300042871 4.9993294 59.2832741 70 50.29833221435547 2.412506445564686 9.730500179795526e-11 0.05107667865154035 0.11644269808878387 2800.0 0.23447280391473954 0.004984923337396239 DSCT 0.54 1.0 0.035754032857911316
1276 zr 1809211300041949 5.0221305 59.3378854 38 13.513920783996582 1.21044063809026 0.17753947614776283 0.20282183210396476 0.1227575259727334 2800.0 0.3483650950139289 0.011677750035218034 DSCT 0.77 1.0 0.06612701509129408
1275 zr 806203100042939 5.0510823 59.3450217 155 23.661195755004883 3.529009740893919 2.641785346638392e-31 1.1102636850135827e-10 0.9972683213692667 0.9974234105216949 0.44622605142311556 0.9585957928395075 RRL_ab 0.98 1.0 0.5079505593453019
2545 zr 806203100066952 4.9889614 59.3011572 168 48.92160415649414 12.772276968936316 2.2391115988970194e-207 0.0016627893594593174 0.21591974906505382 0.9973914666068731 0.23258064991065863 0.027157052726074195 DSCT 0.83 1.0 0.111000983065437
2546 zr 1809211300043078 5.1304242 59.2735501 0 nan nan nan nan nan nan nan nan nan nan nan nan
2547 zr 806203100065900 5.0709258 59.3464117 3 nan nan nan nan nan nan nan nan nan nan nan nan
1268 zr 1809211300043184 5.0341604 59.266023 0 nan nan nan nan nan nan nan nan nan nan nan nan
1253 zr 1809211300076361 5.0597944 59.345963 2 nan nan nan nan nan nan nan nan nan nan nan nan
2548 zr 1809211300061733 5.1353226 59.3316153 0 nan nan nan nan nan nan nan nan nan nan nan nan
1281 zr 1809211300042081 5.0038386 59.3283614 4 nan nan nan nan nan nan nan nan nan nan nan nan
1282 zr 1809211300066741 4.9909305 59.2940697 21 9.551187515258789 0.8321859475682831 0.6759724556506539 0.024629505798287783 0.12179832037040857 2800.0 0.6514215876266121 0.12054053631283049 DSCT 0.65 1.0 0.04404433300857755
1283 zr 1809211300043175 5.0312501 59.2667639 0 nan nan nan nan nan nan nan nan nan nan nan nan
2549 zr 1809211300066802 5.1485677 59.2868913 0 nan nan nan nan nan nan nan nan nan nan nan nan
1284 zr 806203100021840 5.0804725 59.3462819 12 nan nan nan nan nan nan nan nan nan nan nan nan
1280 zr 1809211300069964 5.0851845 59.3459702 69 39.856075286865234 2.2410654929463267 5.37482867999254e-09 0.17532911845722648 0.24780118272380972 2800.0 0.2064070834664337 0.0452493044647186 DSCT 0.62 1.0 0.06351723226652639
1280 zr 806203100065901 5.085154 59.3459739 768 84.22257232666016 3.0245398948080724 1.0687231696791415e-86 0.00012770780291900967 0.9972242486878425 0.9973691635060061 0.07927594049263158 0.9106759605514996 NonVar 0.59 1.0 0.03174193606533376
1285 zr 1809211300076677 5.0699889 59.3465431 0 nan nan nan nan nan nan nan nan nan nan nan nan
1287 zr 1809211300066553 5.1400787 59.3287199 61 39.739051818847656 3.2664171309431955 4.7297879995781873e-17 0.016000003969519908 1.2497899743949803 2800.0 0.2996098252850329 0.03942667159893438 DSCT 0.62 1.0 0.07448673325110639
1287 zr 806203100060289 5.140084 59.3287411 578 24.859329223632812 1.392138959125996 2.0785500040220345e-06 0.09417135077723994 29.449145551406364 0.9972593468323044 0.05869129164249639 0.026163319976503636 NonVar 0.89 1.0 0.039494765945137955
1281 zr 806203100022478 5.0036839 59.3284664 70 16.57149887084961 2.895037757836537 1.1388675898917515e-09 0.0026217522772787093 0.27827614784600546 0.9972828545320613 0.45469287963769733 0.056799443529400084 DSCT 0.71 1.0 0.07750620090901555
2550 zr 806203100042925 5.0535909 59.3455502 4 nan nan nan nan nan nan nan nan nan nan nan nan
1291 zr 1809211300070227 4.9885762 59.3009058 38 41.26371765136719 10.843479215136107 2.5570812363994575e-64 0.010477892500607523 0.10439253336821469 2800.0 0.44682056893245076 0.03878777125618615 DSCT 0.58 1.0 0.03830400549633297
1284 zr 1809211300053915 5.0805154 59.3464247 0 nan nan nan nan nan nan nan nan nan nan nan nan
1289 zr 1809211300042102 5.0023195 59.3275774 40 14.261887550354004 1.6808147555341941 0.0049118814528531386 0.1669563065680258 0.22600572468817168 2800.0 0.34459186472964204 0.13711952630114418 DSCT 0.45 1.0 0.07776020212791643
2551 zr 1809211300062262 5.1336656 59.2749112 0 nan nan nan nan nan nan nan nan nan nan nan nan
2552 zr 806203400058914 5.1016784 59.2638846 2 nan nan nan nan nan nan nan nan nan nan nan nan
1289 zr 806203100022513 5.0022789 59.3275659 400 53.11238098144531 6.161273988834529 9.712860207177915e-173 1.748454596214555e-06 0.9975785479186845 0.9972683213692667 0.16790461260898232 0.82685857182321 RRL_ab 0.63 1.0 0.4555739833787152
1288 zr 1809211300070234 4.9886937 59.2997105 1 nan nan nan nan nan nan nan nan nan nan nan nan
1290 zr 806203100023642 5.155319 59.2989658 267 17.241098403930664 1.3788393345874703 0.001030509298830088 0.004629492429527169 0.33681720203072635 0.9973506025481917 0.14819767299259992 0.08004895191430418 RRL_ab 0.43 1.0 0.5086199101072995
1286 zr 1809211300066468 5.1058743 59.3430488 0 nan nan nan nan nan nan nan nan nan nan nan nan
1293 zr 1809211300008818 5.1404957 59.2791849 77 565.2178955078125 3.7061642017642384 3.7902981332879915e-28 0.6031790854497957 0.1499280534040586 2800.0 0.15077947770804806 0.07792596503365389 NonVar 0.7 1.0 0.030258396575855863
1292 zr 1809211300061862 4.9908905 59.3146573 13 11.337380409240723 1.3736518904610229 0.17006705389731425 0.0030614669758004033 0.10641415098457539 2800.0 0.8996468020782104 0.4233371624828486 CEPH_F 0.21 1.0 1.1343809480869411
1294 zr 1809211300042614 5.1555852 59.2998915 45 16.130199432373047 1.3360268255420324 0.06718904528822685 0.0017957999065355494 0.103634679154018 2800.0 0.4569021515172442 0.18405779692706165 DSCT 0.71 1.0 0.053534941090774425
1290 zr 1809211300062034 5.1553936 59.2989432 27 10.778024673461914 1.4383600554772826 0.06880732146528137 0.0013355730637942505 0.10260387289004405 2800.0 0.6545685691163442 0.087412182192694 DSCT 0.53 1.0 0.10260600054883844
1297 zr 806203100043613 5.1553066 59.3093156 4 nan nan nan nan nan nan nan nan nan nan nan nan
