t_zr_0928.ecsv
# %ECSV 1.0
# ---
# datatype:
# - {name: SourceID, datatype: int32}
# - {name: filter, datatype: string}
# - {name: OID, datatype: string}
# - {name: RA, datatype: float64}
# - {name: DEC, datatype: float64}
# - {name: numobs, datatype: int32}
# - {name: DELTA_SIG_MAG, datatype: float64}
# - {name: CONST_CHI2, datatype: float64}
# - {name: sf, datatype: float64}
# - {name: rmse, datatype: float64}
# - {name: LNP_SIG, datatype: float64}
# - {name: period, datatype: float64}
# - {name: period_c, datatype: float64}
# - {name: power, datatype: float64}
# - {name: power_c, datatype: float64}
# - {name: mean, datatype: float64}
# - {name: std, datatype: float64}
# - {name: min, datatype: float64}
# - {name: max, datatype: float64}
# - {name: sigma_mean, datatype: float64}
# - {name: sigma_std, datatype: float64}
# - {name: gaussian1_err, datatype: float64}
# - {name: gaussian2_err, datatype: float64}
# - {name: lorentzian_err, datatype: float64}
# - {name: shape, datatype: string}
# - {name: upsilon_class, datatype: string}
# - {name: upsilon_prob, datatype: float64}
# - {name: upsilon_flag, datatype: float64}
# - {name: upsilon_period, datatype: float64}
# schema: astropy-2.0
SourceID filter OID RA DEC numobs DELTA_SIG_MAG CONST_CHI2 sf rmse LNP_SIG period period_c power power_c mean std min max sigma_mean sigma_std gaussian1_err gaussian2_err lorentzian_err shape upsilon_class upsilon_prob upsilon_flag upsilon_period
[from data line 38]
30 zr 806203100052152 5.0778413 59.2992727 117 25.68737030029297 2.4744928098599606 0.08673656527287327 0.23177777230739594 0.010073900628180164 0.15930960999944693 0.99735338689512 0.2802764691952441 0.046048373376477415 20.883092880249023 0.23177777230739594 19.939098358154297 21.42551040649414 -0.15072330832481384 1.5906239748001099 0.10661782722043944 0.02110614314406891 0.1013820525008725 g2 DSCT 0.59 1.0 0.04928022231041135
28 zr 1809211300054453 5.0820717 59.3018951 37 13.292691230773926 0.9917390949966354 0.995096645342276 0.14731882512569427 0.40694874964559336 0.10675453769448258 2800.0 0.32388617484850346 0.0716844213053507 20.511560440063477 0.14731882512569427 20.22850799560547 20.82375144958496 -0.08177615702152252 0.9923468828201294 0.6533617292811195 0.45508015641005933 0.541416488653445 g2 DSCT 0.33 1.0 0.09275427859054462
27 zr 806203100066243 5.0768466 59.3088088 61 13.58947467803955 1.691488371995165 0.7108106284218932 0.24954843521118164 0.028629003381588185 1.9496959512014949 0.997209235890766 0.47908602258928795 0.07841791054045992 21.246044158935547 0.24954843521118164 20.635601043701172 21.780349731445312 -0.11489372700452805 1.2964764833450317 0.3366435109488472 0.09667225411982466 0.20029533288896303 g2 DSCT 0.72 1.0 0.15837406334641355
30 zr 1809211300076079 5.0779217 59.2992307 12 9.173378944396973 0.7607864118212583 0.9642113736539165 0.1530023068189621 0.07392980795940103 0.11524970624518635 2800.0 0.8283259351336071 0.3198704229215956 20.81302833557129 0.1530023068189621 20.615951538085938 21.213577270507812 -0.056164707988500595 0.84028160572052 2.734846929313694 1.6706401979907082 2.875129124130128 g2 EB_ED 0.38 1.0 3.7624008107491917
32 zr 1809211300042458 5.0814921 59.3069549 57 22.15509033203125 2.0933140235481655 0.37981979755963796 0.18763305246829987 0.15535328228098014 0.10571274677370342 2800.0 0.2620721916978722 0.09121722452242921 20.333742141723633 0.18763305246829987 19.925601959228516 20.768531799316406 -0.17684859037399292 1.4670140743255615 0.37422482020870484 0.4044678153271192 0.35399107953275655 l DSCT 0.52 1.0 0.06667186510374315
32 zr 806203100056985 5.0814856 59.3069781 569 24.284320831298828 1.7312097018062598 0.9607017489091207 0.18289107084274292 0.013176324146180711 29.622160115481506 0.997343815080248 0.07347024822807485 0.0252113718154124 20.35551643371582 0.18289107084274292 19.935501098632812 21.110010147094727 -0.14186201989650726 1.3361990451812744 0.012159045100631722 0.017600822330807286 0.04175452706314232 g1 NonVar 0.45 1.0 0.0786073378331916
33 zr 1809211300042496 5.083411 59.3043039 76 47.36650085449219 1.7055018070232575 0.8146186927039495 0.07820025086402893 0.7813916858427076 0.22022027774396488 2800.0 0.15376624472902453 0.008037918987931332 19.2487735748291 0.07820025086402893 19.08692741394043 19.455766677856445 -0.07375332713127136 1.3036010265350342 0.8664591512114005 0.7938251291791998 0.7052514219644314 l DSCT 0.56 1.0 0.03544978622502063
33 zr 806203100043683 5.0834232 59.3043358 797 58.208152770996094 1.6909176976194014 0.9903680417383655 0.08701540529727936 0.24530411451877956 0.11396008084056183 0.997336033066433 0.04328164538239201 0.001730969499544535 19.259504318237305 0.08701540529727936 19.022056579589844 19.577991485595703 -0.0810500904917717 1.3060137033462524 0.13896884673655133 0.04234100471400415 0.12537684175841465 g2 EB_ED 0.9 1.0 0.03066550820234067
36 zr 806203100063302 5.081953 59.3008697 230 30.49788475036621 2.694493363669041 0.004323750826970718 0.22167688608169556 0.005190292383005273 0.49862525095538524 0.997336033066433 0.1685549876462646 0.4590871459668792 20.577747344970703 0.22167688608169556 19.708017349243164 21.00428009033203 -0.18118593096733093 1.671860933303833 0.014341684813301604 0.00514821819893512 0.009641064065657765 g2 NonVar 0.51 1.0 0.03292205654818507
34 zr 1809211300070171 5.0727284 59.3098249 31 81.30490112304688 7.451470886438102 2.3595134061374747e-11 0.1517023891210556 0.11556026631576935 0.1240045534413452 2800.0 0.43705000916041337 0.1948276490633615 19.289358139038086 0.1517023891210556 18.910890579223633 19.555213928222656 -0.28222447633743286 2.735348701477051 0.44073984458238324 0.5540522528543798 0.38607148715585604 l DSCT 0.69 1.0 0.044120282725895896
36 zr 1809211300066717 5.0820893 59.3008401 17 12.32516860961914 1.172441778193174 0.896964436933114 0.16135036945343018 0.002898595281960479 0.11098582852447858 2800.0 0.8135660492118751 0.38600866134058814 20.51446533203125 0.16135036945343018 20.287609100341797 20.870670318603516 -0.09540200978517532 1.0628273487091064 1.5351932092596225 2.676310218002267 1.5297115984871767 l DSCT 0.26 1.0 0.05746818203748379
34 zr 806203100060368 5.0725296 59.3098467 262 80.29171752929688 7.117226100332736 2.2607034617993476e-41 0.17434047162532806 0.008108579964863858 0.17204026613816514 0.997343815080248 0.15900530649983438 0.00012080295156057017 19.31197738647461 0.17434047162532806 18.88072967529297 19.74237823486328 -0.3230542242527008 2.718236207962036 0.01930875497199593 0.009141940765515813 0.009590726467083702 g2 DSCT 0.88 1.0 0.17204168302675601
38 zr 1809211300061950 5.083508 59.3052949 60 38.423423767089844 2.060456008126854 0.4114476303151597 0.12166594713926315 0.16883113253642965 0.6888438903168187 2800.0 0.24874767442541657 0.022993975162288457 19.72972297668457 0.12166594713926315 19.42612075805664 20.071788787841797 -0.12656660377979279 1.440281629562378 0.26163113231757373 0.14695863893070768 0.16734675619578798 g2 DSCT 0.59 1.0 0.0486629591818048
38 zr 806203100056993 5.0835289 59.3053166 660 35.26292419433594 1.47310755310389 0.9999648267015079 0.11255547404289246 0.08094885591496634 0.1166416103608848 0.997336033066433 0.05386917534157734 0.010040493266563092 19.748077392578125 0.11255547404289246 19.450153350830078 20.155447006225586 -0.09596960246562958 1.2232154607772827 0.09615391549282316 0.01800017064418992 0.08350519508017927 g2 EB_ED 0.67 1.0 0.07725739925224422
2191 zr 806203100066984 5.0687449 59.3098077 41 36.34849166870117 10.711829339279245 1.1080247352131058e-15 0.35823461413383484 0.00012588539754154323 0.2937228597497719 0.4993215288641744 0.7568070862590376 0.2563393938854472 20.425323486328125 0.35823461413383484 19.52408790588379 20.967309951782227 -0.62917160987854 3.4540727138519287 0.09108112454316682 0.010073591107835574 0.0633446600718938 g2 DSCT 0.45 1.0 0.03799661492864984
41 zr 1809211300070191 5.0617454 59.3071699 23 16.617277145385742 2.381641666642452 0.2432756137419947 0.23709815740585327 0.22816173957553146 0.25449799643070686 2800.0 0.5002895786140306 0.2932433265055505 20.743118286132812 0.23709815740585327 20.23838996887207 21.123411178588867 -0.17146006226539612 1.5409188270568848 0.7729318671377035 0.44243866512107244 0.7824668292153125 g2 DSCT 0.77 1.0 0.04877543740688946
40 zr 806203100066527 5.0637189 59.2991606 142 20.447397232055664 2.381400541538938 0.10954872306032964 0.23441024124622345 0.005037146069240508 0.11893118537167688 0.997343815080248 0.2473683093748562 0.001200679107564774 20.72519302368164 0.23441024124622345 20.087509155273438 21.150686264038086 -0.16548915207386017 1.5642921924591064 0.062137337804291246 0.09228791614212717 0.07409450441392063 g1 NonVar 0.59 1.0 0.05997536685082879
41 zr 806203100064628 5.0615201 59.307322 304 24.83827781677246 1.9545122160504524 0.5749967799391787 0.2244350016117096 0.0032960185381803874 0.9997226298938547 0.997343815080248 0.1302456509901086 0.7523877984147851 20.809350967407227 0.2244350016117096 19.964031219482422 21.359111785888672 -0.13508975505828857 1.4161500930786133 0.01003687213535855 0.003320477994897736 0.01436997917084919 g2 LPV_SRV_AGB_C 0.45 1.0 411.5237058000004
42 zr 1809211300042546 5.0843259 59.3021509 20 13.363713264465332 1.4252808442420986 0.8098073688028596 0.19947001338005066 0.02207926970864887 1.3801400204365757 2800.0 0.6722908569298401 0.027581631863029983 20.858285903930664 0.19947001338005066 20.438257217407227 21.276145935058594 -0.10129077732563019 1.1772109270095825 0.8648109019724047 0.6108448894561059 0.7363964741041754 g2 DSCT 0.57 1.0 0.04165335138041257
43 zr 1809211300054367 5.0824002 59.3077527 75 39.83000564575195 2.278160248657848 0.19382085888658368 0.13468213379383087 0.01794022617174724 0.24868512805255713 2800.0 0.25957385018862683 0.032030782928687225 19.67148208618164 0.13468213379383087 19.43236541748047 20.19910430908203 -0.1543131172657013 1.5202996730804443 0.047280814716392845 0.03378349486199077 0.0321580486838879 l EB_ED 0.72 1.0 0.24867928832116756
43 zr 806203100043627 5.0824421 59.3077647 746 39.346187591552734 2.0495957052254306 0.35398231196556 0.13271194696426392 0.02448107419057896 8.662208407623767 0.997336033066433 0.05623270435398394 0.004110884720756439 19.680124282836914 0.13271194696426392 19.39299964904785 20.188459396362305 -0.1371578574180603 1.4479116201400757 0.09954756211710282 0.043600972316703034 0.0593473309028116 g2 EB_ED 0.89 1.0 0.5338007123337656
44 zr 1809211300073396 5.0602599 59.3064923 49 25.820720672607422 1.908357182444389 0.5634140567043273 0.16988752782344818 0.01089623890522319 0.2535818673644062 2800.0 0.38035772906721105 0.01948662806562803 20.27288246154785 0.16988752782344818 19.804840087890625 20.706260681152344 -0.15566487610340118 1.394494652748108 0.1449290395395657 0.24898836399601693 0.15837527056259096 g1 RRL_e 0.62 1.0 0.2535852138104459
42 zr 806203100023517 5.0844829 59.3020474 244 16.4419002532959 1.609742346419498 0.9615470547114845 0.21777094900608063 0.005157084755545338 29.506310302275466 0.997343815080248 0.15550148050900658 0.20294474166290954 20.969635009765625 0.21777094900608063 20.36797332763672 21.485431671142578 -0.11054953187704086 1.2803312540054321 0.11344239372567522 0.13484617863282694 0.10976027112804501 l NonVar 0.54 1.0 0.03006955330902137
46 zr 806203100057006 5.0590781 59.3039117 86 17.99135398864746 2.2514181397960664 0.25664458978097365 0.2829974293708801 0.0072765058848639355 0.40294510072130546 0.9973506025481917 0.39406607954405226 0.01201700617976268 21.14234733581543 0.2829974293708801 20.391944885253906 21.847660064697266 -0.1576068252325058 1.5109295845031738 0.0366257211036982 0.06409500171751768 0.06064855832959095 g1 DSCT 0.75 1.0 0.05650417502648934
45 zr 1809211300066702 5.0592554 59.3027729 23 11.979324340820312 1.5205421659094904 0.7782992971745665 0.19971686601638794 0.00014431415586017613 0.10358025215516946 2800.0 0.7773977176170134 0.11295418585463428 20.877090454101562 0.19971686601638794 20.465229034423828 21.195730209350586 -0.10422907769680023 1.2206122875213623 0.4794560646484564 0.12011276454126672 0.3345370042848748 g2 RRL_ab 0.66 1.0 0.3365343052974713
45 zr 806203100057013 5.0592536 59.3027132 188 16.43556785583496 1.440728823646014 0.9863168769692843 0.20217669010162354 0.02433363801973199 0.6160653825997714 0.9973072933112778 0.18449233684173447 0.0041415229319985 20.923904418945312 0.20217669010162354 20.32912254333496 21.372947692871094 -0.09886567294597626 1.2080013751983643 0.029317587522079545 0.028019983962889537 0.029294036671428075 g2 DSCT 0.88 1.0 0.08301987045789157
47 zr 806203100057054 5.0818733 59.299497 845 251.33396911621094 1.0378452055508474 1.0 0.01970064640045166 0.0027859585943636384 0.9978626305062529 0.997336033066433 0.06381639735136706 0.26431653273715744 17.183887481689453 0.01970064640045166 17.06145477294922 17.247817993164062 -0.0077287363819777966 1.0176503658294678 0.36101022385786175 0.03419341842461638 1.7314311978003953 g2 NonVar 0.47 1.0 0.997954819075909
47 zr 1809211300054486 5.0818872 59.2994938 77 208.47406005859375 1.2199201882265298 0.9971066854600983 0.019260995090007782 0.05457074638549788 0.1479997334010236 2800.0 0.22957251592782046 0.040711741917067786 17.179576873779297 0.019260995090007782 17.131864547729492 17.260631561279297 -0.008886064402759075 1.0974105596542358 5.8042660144369735 0.42605921364924804 2.350779957698149 g2 EB_ED 0.57 1.0 0.14799436817776768
44 zr 806203100052072 5.059963 59.3065144 546 32.93920135498047 2.4096047680813255 0.007281132585050126 0.19033588469028473 0.0009146721076099039 0.33269992179235314 0.997336033066433 0.0906937969854378 0.2974238323723131 20.250377655029297 0.19033588469028473 19.62234115600586 20.910892486572266 -0.18243122100830078 1.5838197469711304 0.008968918356143609 0.0019379174871467957 0.03327426096476838 g2 DSCT 0.58 1.0 0.20817443788782844
48 zr 1809211300070164 5.0694928 59.3105009 20 31.806957244873047 3.3212452420600407 0.03508286670716003 0.1675398051738739 0.012874092877623741 0.10163379631842975 2800.0 0.6962928907102274 0.1431590366009205 19.9359130859375 0.1675398051738739 19.575199127197266 20.273334503173828 -0.21119365096092224 1.8164267539978027 1.688879937197209 0.29194671439796255 0.9714905616911765 g2 DSCT 0.65 1.0 0.0922324209137707
48 zr 806203100066241 5.069573 59.3105249 203 42.99253845214844 2.850447745946029 0.001487077354687394 0.16160987317562103 0.007252761625205743 0.6955668634977938 0.997343815080248 0.18120515728413591 0.012953794667211678 19.97078514099121 0.16160987317562103 19.345264434814453 20.309894561767578 -0.1762695014476776 1.7129889726638794 0.009015547282598933 0.015777195746713883 0.05039650724629159 g1 DSCT 0.67 1.0 0.056001395021835196
50 zr 806203100056992 5.0847793 59.305823 438 26.07579231262207 2.6107927423368156 0.000806971208849762 0.23083563148975372 3.463105648531134e-12 223.91194916677907 0.997343815080248 0.24246865168903964 0.06281874602726414 20.486726760864258 0.23083563148975372 19.869138717651367 21.093555450439453 -0.20032791793346405 1.6513630151748657 0.020899933724322518 0.010016019313971143 0.04728780288634072 g2 LPV_SRV_AGB_O 0.86 0.0 226.33803819000025
50 zr 1809211300070206 5.0848415 59.3057772 46 22.17166519165039 2.217825294097687 0.2847788502030217 0.21391645073890686 6.0221749546566455e-05 0.5083811140507174 2800.0 0.5296320007600701 0.15438356554563615 20.468717575073242 0.21391645073890686 20.032848358154297 21.13528823852539 -0.18498404324054718 1.5076112747192383 0.17223726730286715 0.05951096484929555 0.17915941908326616 g2 LPV_Mira_AGB_C 0.38 1.0 652.2697222499955
49 zr 1809211300054363 5.0608969 59.3078032 37 16.34441375732422 1.727326132042372 0.7010528649758558 0.20339244604110718 0.1674990113566612 33.194528343939744 1.000079030206485 0.36127578314867737 0.14249080734625313 20.6938419342041 0.20339244604110718 20.227693557739258 21.068403244018555 -0.12887901067733765 1.3165677785873413 0.5811593476757855 0.5792297996713679 0.5872057560761546 g2 DSCT 0.53 1.0 0.03027512764973706
53 zr 806203100065430 5.0837349 59.3003277 177 17.228145599365234 1.6390583582289695 0.9079539543962777 0.22004389762878418 1.643351690652313e-05 1.035193710317772 0.9973088741706542 0.3019471646672469 0.10013353557248295 20.96314811706543 0.22004389762878418 20.317764282226562 21.448455810546875 -0.1130015179514885 1.2903462648391724 0.10440009425818624 0.09989110816038473 0.11695322045179514 g2 EB_ESD 0.28 1.0 1.035192316975881
52 zr 1809211300054348 5.0806374 59.3092921 70 54.861793518066406 3.8287349694500223 7.479393901880701e-06 0.1666656732559204 1.9070708062533334e-05 462.22886833491833 2800.0 0.4143551402254435 0.8929084671484715 19.547266006469727 0.1666656732559204 19.179689407348633 20.374217987060547 -0.2487855702638626 1.9824135303497314 0.02375279487853648 0.020510084706615212 0.06818935563091658 g2 LPV_SRV_AGB_O 0.56 1.0 221.44868054999824
