t_zr_0418_original.ecsv
# %ECSV 1.0
# ---
# datatype:
# - {name: SourceID, datatype: int32}
# - {name: filter, datatype: string}
# - {name: OID, datatype: string}
# - {name: RA, datatype: float64}
# - {name: DEC, datatype: float64}
# - {name: numobs, datatype: int32}
# - {name: DELTA_SIG_MAG, datatype: float64}
# - {name: CONST_CHI2, datatype: float64}
# - {name: LNP_SIG, datatype: float64}
# - {name: period, datatype: float64}
# - {name: period_c, datatype: float64}
# - {name: power, datatype: float64}
# - {name: power_c, datatype: float64}
# - {name: upsilon_class, datatype: string}
# - {name: upsilon_prob, datatype: float64}
# - {name: upsilon_flag, datatype: float64}
# - {name: upsilon_period, datatype: float64}
# schema: astropy-2.0
SourceID filter OID RA DEC numobs DELTA_SIG_MAG CONST_CHI2 LNP_SIG period period_c power power_c upsilon_class upsilon_prob upsilon_flag upsilon_period
[from data line 7556]
3923 zr 1809211300043597 4.9401585 59.2390222 21 8.124298095703125 0.5564564849437819 0.7519553780005321 0.1046983864959039 1.0001649165952826 0.4222381583676192 0.2600581208867462 DSCT 0.71 1.0 0.0703053542020927
3926 zr 1809211300042419 5.2546788 59.3122338 0 nan nan nan nan nan nan nan nan nan nan nan
"" zr 806203100062951 5.1000806 59.3963706 0 nan nan nan nan nan nan nan nan nan nan nan
"" zr 1809211300070349 5.2505853 59.2827173 0 nan nan nan nan nan nan nan nan nan nan nan
3931 zr 1809211300055399 5.0072781 59.2163685 0 nan nan nan nan nan nan nan nan nan nan nan
3933 zr 1809211300003860 4.9754829 59.3834817 81 86.95662689208984 1.6529754740129579 0.05420652431655512 23.68754971540829 0.9972164461363069 0.21212073610874763 0.19166954946425768 NonVar 0.29 1.0 0.9566826808189599
"" zr 1809211300055331 4.9850752 59.2215281 0 nan nan nan nan nan nan nan nan nan nan nan
3933 zr 806203100020341 4.9754504 59.3834858 922 153.98483276367188 1.592529334182554 0.10167925881513228 0.1152379054168075 0.9973493234494499 0.04318512779714232 0.007628729148799673 EB_ED 0.73 1.0 0.040480425318780586
3936 zr 806203400000050 4.9104648 59.2597498 44 22.021055221557617 3.6703675333552916 0.00014340024750166097 0.11174444397680282 0.9973618949322586 0.6496848962765908 0.15237976880278706 DSCT 0.53 1.0 0.0913084781018244
3930 zr 806203100057107 5.2547931 59.295918 622 49.24126434326172 1.975427985227241 0.0013397019094953803 0.997436347080119 0.9972810236558204 0.08198333934314589 0.9322666634427925 NonVar 0.66 1.0 0.035136503163862354
3932 zr 1809211300006241 4.8970299 59.3319383 76 39.934513092041016 1.5082470931172796 0.14972040663134695 0.12066652817471656 0.9972164461363069 0.19989309161216548 0.0031980537148300872 NonVar 0.46 1.0 0.03274731450597532
3930 zr 1809211300042717 5.2548086 59.2959227 68 29.079822540283203 2.007254798212598 0.005672606391943982 0.26174296023886695 0.9972154337583479 0.3014225496967997 0.0050494789578143 RRL_e 0.5 1.0 0.2617336748231142
3932 zr 806203100022305 4.897029 59.3319649 569 108.69097900390625 3.569632748295803 0.01335189645804003 0.7573954743302026 0.9974197756600868 0.07599109336499967 0.005265297830852984 NonVar 0.61 1.0 0.03011904983990937
3937 zr 806203400031788 5.0783248 59.2103077 916 279.0584411621094 2.0469258160219153 0.0564025029287489 0.33509119550467575 0.9973493234494499 0.04600337864025384 0.0021399377940919785 NonVar 0.55 1.0 0.08146097838437187
3939 zr 806203400031660 5.1356353 59.2160638 2 nan nan nan nan nan nan nan nan nan nan nan
3934 zr 1809211300011171 5.1834482 59.2295274 27 15.65295696258545 2.384768794293219 0.008799481346647757 0.1983236799235684 1.0001911039031424 0.5786687126588054 0.05266560217630901 DSCT 0.7 1.0 0.041969253966323235
3936 zr 1809211300043258 4.9104415 59.2597034 13 8.96084213256836 1.0408911273693853 0.0023391239714585063 1.400080400630521 385.0707766492283 0.908221752034456 0.33091484321150594 DSCT 0.69 1.0 0.06162052130983116
3938 zr 1809211300003328 5.0392139 59.3960361 67 20.62085723876953 1.5940987178561907 0.08264307917210463 0.10043140416175306 0.9999119909873886 0.2412123232641791 0.08403817870867987 DSCT 0.43 1.0 0.11193597475834177
"" zr 1809211300061954 5.2553637 59.3082283 0 nan nan nan nan nan nan nan nan nan nan nan
"" zr 1809211300009368 4.9070686 59.2630487 4 nan nan nan nan nan nan nan nan nan nan nan
3938 zr 806203100019888 5.039179 59.3960377 666 68.64808654785156 3.062324800836095 0.0006881987926306026 0.3903777250798473 0.9973493234494499 0.07838957214863178 0.0002243637448286506 NonVar 0.47 1.0 0.05322153222534989
3941 zr 806203100021215 4.92644 59.3609383 571 62.58861541748047 4.6632518298364545 3.5915688160887775e-05 0.1006488632837812 0.9973509924032099 0.10606255449703342 0.020202865294590176 NonVar 0.54 1.0 0.04374612054523758
3937 zr 1809211300055462 5.0783391 59.2102817 81 133.26022338867188 1.4051293686021504 0.805618441863351 1.738470476351978 0.9972164461363069 0.13788415954862024 0.004653024885636863 NonVar 0.66 1.0 0.04623645204152462
3941 zr 1809211300004922 4.9264262 59.36093 68 26.825965881347656 2.336854221266109 0.07742039326768192 1.1099177299300091 0.9999109758774701 0.2399163493818455 0.021901365236340394 EB_ESD 0.3 1.0 10.088643465909131
3940 zr 806203400001424 5.0483251 59.2110131 636 30.09857749938965 1.4602047470777475 0.0005335198597693947 1.0349202301839326 0.9973493234494499 0.08394450105137422 0.009210859122371214 NonVar 0.29 1.0 0.7243525495774662
3935 zr 806203100023805 5.2545976 59.2943429 450 22.897506713867188 1.4836452215082678 0.014868791772002374 0.33242270506080623 0.9973509924032099 0.08720686855656952 0.09215419033249685 NonVar 0.7 1.0 0.03918629333021286
3935 zr 1809211300008241 5.2545958 59.2943109 40 15.168627738952637 1.5879665730452848 0.0013708822815360771 0.10433267680321952 1.0001659648160228 0.4952359334592745 0.0101625307037913 DSCT 0.73 1.0 0.08630253516424738
3940 zr 1809211300011954 5.0483728 59.210992 59 24.039642333984375 1.5834942677870403 0.0198022841651929 0.11192319988313122 0.9974603843751442 0.30511213002044113 0.20795281939641166 DSCT 0.87 1.0 0.1119192921897623
3934 zr 806203400000959 5.1835329 59.229492 260 84.46754455566406 153.89427280474655 6.350193754517474e-52 362.2481401275582 0.9972915359214594 0.7986435382419006 0.7147993034070302 NonVar 0.54 1.0 0.0345873084775383
3944 zr 1809211300011005 4.9613109 59.2292225 81 265.367919921875 2.8862731807564175 0.01852259369555679 0.47448622440187993 0.9972164461363069 0.23182787609010208 0.011921249919446111 NonVar 0.71 1.0 0.9053040732154943
3944 zr 806203400059011 4.9612741 59.2292333 911 478.5723876953125 3.1897556366376385 0.004636555037172858 0.49959368749754285 0.9973493234494499 0.05733554432420136 0.08861470649770307 EB_ED 0.73 1.0 0.49956965762207073
3946 zr 1809211300066512 5.243961 59.3368952 2 nan nan nan nan nan nan nan nan nan nan nan
3945 zr 1809211300041267 4.9681438 59.3811708 81 174.2769775390625 1.6939797538942785 0.2667300289691223 0.1024857851959163 0.9972164461363069 0.17450666107124557 0.015657399504197318 NonVar 0.66 1.0 0.03099649213742039
3947 zr 1809211300042276 5.2523993 59.3215907 0 nan nan nan nan nan nan nan nan nan nan nan
3945 zr 806203100020419 4.96812 59.3811904 932 177.6903839111328 1.5874676147990023 0.14783717187753856 0.12523210048134573 0.9973493234494499 0.041100825334207364 0.009627423436631333 NonVar 0.76 1.0 0.04278574088473792
3948 zr 1809211300003572 5.0007739 59.3902855 79 58.40594482421875 1.3621311265234208 0.14667234268796978 0.1146633421152802 0.9972164461363069 0.19442744260503406 0.020723630214183768 NonVar 0.48 1.0 0.059714913757230266
3948 zr 806203100020095 5.0007808 59.3902897 876 78.7260971069336 1.4140942574146487 0.00023343829496564112 0.11060537492503449 0.9972794600314014 0.0705616918326304 0.002003412438910795 NonVar 0.57 1.0 0.11060542004023581
3942 zr 1809211300004795 4.9304918 59.3637253 62 22.90497589111328 1.8071343452903013 0.44134629799874686 0.12256624540221281 0.9971521581194235 0.21011373122160376 0.0016499942685302092 DSCT 0.39 1.0 0.04118729806559566
3949 zr 1809211300003408 5.0233593 59.3943293 81 630.2693481445312 3.1952827799834864 0.7137368082988924 28.565346745345852 0.9972164461363069 0.14398067039484203 0.10513868229776809 NonVar 0.76 1.0 0.03380126635108362
"" zr 1809211300073295 5.2265966 59.3547319 0 nan nan nan nan nan nan nan nan nan nan nan
3942 zr 806203100021094 4.9304847 59.3637449 569 25.754549026489258 1.4499018066857483 0.0002179155317350584 0.5167863912624373 0.9972794600314014 0.09952916254060662 0.009254962253805885 NonVar 0.73 1.0 0.5167873761648993
3943 zr 1809211300073606 5.0408086 59.211455 0 nan nan nan nan nan nan nan nan nan nan nan
3949 zr 806203100019947 5.0233329 59.3943478 936 1660.371826171875 6.347384756770369 0.9445387684321913 0.10918796921731906 0.9973493234494499 0.028119033929125656 0.0006316299783482 NonVar 0.52 1.0 0.10918805770537303
3951 zr 1809211300003807 4.9783805 59.3846354 81 91.37977600097656 1.7343932489640654 0.12780233092615542 0.10339769516048954 0.9972164461363069 0.19177338337940375 0.018142406677165393 NonVar 0.51 1.0 0.06952969726413577
3951 zr 806203100020292 4.9783665 59.3846501 919 168.5563507080078 2.1701906852083113 0.06924631547972955 0.17472559406323634 0.9973493234494499 0.04493966692816522 0.002151343054949801 EB_ED 0.51 1.0 0.041491086081709136
3950 zr 1809211300067105 5.1752837 59.2262785 3 nan nan nan nan nan nan nan nan nan nan nan
"" zr 1809211300008884 5.2494463 59.2793519 0 nan nan nan nan nan nan nan nan nan nan nan
"" zr 1809211300054529 5.2556882 59.2994026 0 nan nan nan nan nan nan nan nan nan nan nan
3947 zr 806203100043404 5.2525837 59.3218136 6 nan nan nan nan nan nan nan nan nan nan nan
"" zr 1809211300004706 5.2023899 59.3701612 0 nan nan nan nan nan nan nan nan nan nan nan
3952 zr 1809211300010484 5.2134494 59.2439336 0 nan nan nan nan nan nan nan nan nan nan nan
3946 zr 806203100060257 5.2442944 59.336929 38 7.73714542388916 1.2961906523450906 0.00023237422499247691 0.10265707471905558 0.997411781360126 0.8891285977870921 0.35246437825448446 RRL_ab 0.48 1.0 0.247182697432579
3954 zr 1809211300053756 4.9223153 59.3585237 1 nan nan nan nan nan nan nan nan nan nan nan
3956 zr 806203100051775 5.2454358 59.3355447 1 nan nan nan nan nan nan nan nan nan nan nan
3957 zr 806203100021678 5.2300247 59.3522355 936 576.2713012695312 2.2790942253793167 0.7796235921289243 0.14011309220165846 0.9973493234494499 0.031176556658302556 0.0022270417838077057 EB_ED 0.55 1.0 0.03653114358437679
3957 zr 1809211300005565 5.230047 59.3522223 81 327.74560546875 2.4053079862651217 0.4010810960733815 0.13095422821779118 0.9972164461363069 0.1637247597199248 0.001975623588199802 NonVar 0.54 1.0 0.09295702161803658
"" zr 1809211300008367 4.8915945 59.2854985 7 nan nan nan nan nan nan nan nan nan nan nan
"" zr 1809211300043616 5.2119349 59.2428523 0 nan nan nan nan nan nan nan nan nan nan nan
3959 zr 1809211300041598 4.923645 59.3595653 28 23.244625091552734 2.8256579770196875 0.12234070754389871 0.10983094252613665 0.9999257076598317 0.4557777204500099 0.2664525271382395 DSCT 0.74 1.0 0.09608119284150517
3953 zr 806203100063212 5.2523623 59.3230518 2 nan nan nan nan nan nan nan nan nan nan nan
3953 zr 1809211300061831 5.2523896 59.3229867 0 nan nan nan nan nan nan nan nan nan nan nan
3959 zr 806203100042667 4.9236403 59.359573 304 22.370439529418945 1.655238942561281 0.0016712707676889073 0.3061380169656248 0.997411131659203 0.14657319638194655 0.0035770852495485227 DSCT 0.52 1.0 0.05406386414888803
3961 zr 1809211300011477 5.1641826 59.2225158 0 nan nan nan nan nan nan nan nan nan nan nan
3962 zr 806203100056750 5.2422181 59.339977 8 nan nan nan nan nan nan nan nan nan nan nan
3960 zr 1809211300043858 4.9749609 59.2240495 81 85.3670654296875 2.214933602584894 0.0008479829844748024 0.967230844715414 0.9972164461363069 0.2924720628905471 0.3510828768177047 NonVar 0.53 1.0 0.0559821040734821
3963 zr 806203400044652 4.9905174 59.2196157 851 161.31204223632812 1.599068407528728 0.32699924686169 0.2510034580954484 0.9973493234494499 0.03992171268766717 0.0017041011739768381 EB_ED 0.95 1.0 0.251003925717447
3963 zr 1809211300055350 4.9905545 59.2195972 79 94.45396423339844 1.6180589528861156 0.0328738039431316 0.19006345227881216 0.9972164461363069 0.22487783159922434 0.005454978629465216 EB_ED 0.67 1.0 0.19005313139717317
3960 zr 806203400031414 4.9748498 59.2240599 880 105.8967514038086 2.23788045541101 0.0275307277566972 0.9988990338068926 0.9973493234494499 0.0512249401357755 0.23480961261836028 NonVar 0.28 1.0 0.5078574491770913
3952 zr 806203400030976 5.2141622 59.2441032 3 nan nan nan nan nan nan nan nan nan nan nan
3965 zr 806203100042207 4.9898435 59.3880784 582 23.023616790771484 1.360597793475949 4.086025506190096e-05 14.68681210797907 0.9973493234494499 0.10300062025634724 0.001973555338862365 NonVar 0.71 1.0 0.037115366291713255
3958 zr 806203100051209 5.1217552 59.3944709 8 nan nan nan nan nan nan nan nan nan nan nan
3965 zr 1809211300041184 4.9898393 59.3880968 63 43.5714111328125 4.407069729505018 0.0007267722125551218 0.3333736634938844 0.9972154337583479 0.36973780365980474 0.7079967336372363 DSCT 0.58 1.0 0.06692973501030333
"" zr 1809211300074856 5.1357514 59.2156071 0 nan nan nan nan nan nan nan nan nan nan nan
3955 zr 1809211300043962 5.1577737 59.2206139 1 nan nan nan nan nan nan nan nan nan nan nan
3964 zr 1809211300041386 4.9485413 59.3737836 0 nan nan nan nan nan nan nan nan nan nan nan
"" zr 806203100063308 4.8881843 59.2974263 0 nan nan nan nan nan nan nan nan nan nan nan
3967 zr 806203400031523 4.9885573 59.2200208 916 600.6661987304688 2.7165174541463304 0.11139741350620908 0.15638117061619738 0.9973493234494499 0.0428455921959653 0.0008311945495672091 EB_ED 0.81 1.0 0.1563826201702821
3962 zr 1809211300073324 5.2425097 59.3398835 1 nan nan nan nan nan nan nan nan nan nan nan
3967 zr 1809211300043928 4.9885838 59.2200083 81 343.7921142578125 2.216167578316107 0.2881124705124626 0.27058213067192693 0.9972164461363069 0.17261623074863455 0.13556554960080086 DSCT 0.43 1.0 0.21283399260028643
3968 zr 806203400044727 5.1182559 59.212783 316 21.04486083984375 1.6384920739897462 0.004208142210934253 0.9946439991660524 0.997295718081664 0.12758525096023424 0.2895839064060183 DSCT 0.87 1.0 0.06077558666656075
3961 zr 806203400055987 5.1645029 59.2224828 11 nan nan nan nan nan nan nan nan nan nan nan
3970 zr 1809211300003662 5.1440688 59.3905735 81 855.2315063476562 4.522980421197298 0.6642859171905082 0.10743676554413882 0.9972164461363069 0.14706658832851213 0.012897707333747791 NonVar 0.68 1.0 0.04321604061982775
3969 zr 1809211300003728 4.9824837 59.3861959 64 18.469270706176758 0.9920692809595938 0.1490480845351293 4.47626534038049 1.0003052930123568 0.23373199471471418 0.022153911126299327 DSCT 0.76 1.0 0.05521881305847574
3971 zr 806203400051648 5.0384909 59.211334 41 9.882174491882324 1.1361758508340631 0.0010528857873017767 1.2804244715450557 0.997295718081664 0.6443799034073081 0.16426243108959965 DSCT 0.91 1.0 0.0728031460045796
3969 zr 806203100020222 4.9824672 59.3861959 636 29.19403648376465 1.4851223874011967 0.0022085168654584135 0.10630279123796295 0.9972915359214594 0.07571615664568156 0.008067809708999958 NonVar 0.65 1.0 0.034257726259156525
3973 zr 806203100043180 5.2472065 59.3335191 20 6.0604329109191895 0.8685725484439314 0.0054602198825125054 0.11231776163783999 0.9973547957898328 0.9049360608273801 0.1343855851976647 EB_EC 0.48 1.0 0.04731573849533802
"" zr 1809211300069967 4.9041849 59.342957 1 nan nan nan nan nan nan nan nan nan nan nan
3966 zr 1809211300006960 4.8890269 59.3154937 25 16.693876266479492 2.7044610833162195 0.03206398585423258 0.27093481335983627 1.0000408796264784 0.5722807897887338 0.004071338067440652 DSCT 0.61 1.0 0.03143927622647231
3970 zr 806203100020131 5.1440578 59.3905925 935 1273.4102783203125 3.54382457639688 0.001696684919264684 0.997813731429254 0.9973493234494499 0.05824510774228635 0.35420966704668216 NonVar 0.77 1.0 1928.588663250004
3972 zr 1809211300053790 5.2200031 59.3602069 0 nan nan nan nan nan nan nan nan nan nan nan
3958 zr 1809211300003462 5.1214941 59.3946269 1 nan nan nan nan nan nan nan nan nan nan nan
3968 zr 1809211300055453 5.1182802 59.2127281 29 16.843799591064453 1.7722517165899991 0.0005623547152724194 0.11056250969621402 0.9971336696092344 0.6525606911377931 0.21881298423179238 DSCT 0.68 1.0 0.09952964842441861
"" zr 1809211300069984 5.2385352 59.3445903 0 nan nan nan nan nan nan nan nan nan nan nan
3966 zr 806203100056897 4.8889724 59.3154773 91 11.073928833007812 0.9918713321104796 0.08959855842064708 1.8676502799569925 0.9974024113855711 0.24345712309440404 0.0006792825795632196 NonVar 0.5 1.0 0.035621666105900174
